"DATE","RGSL65Q4","RGSL66Q1","RGSL66Q2","RGSL66Q3","RGSL66Q4","RGSL67Q1","RGSL67Q2","RGSL67Q3","RGSL67Q4","RGSL68Q1","RGSL68Q2","RGSL68Q3","RGSL68Q4","RGSL69Q1","RGSL69Q2","RGSL69Q3","RGSL69Q4","RGSL70Q1","RGSL70Q2","RGSL70Q3","RGSL70Q4","RGSL71Q1","RGSL71Q2","RGSL71Q3","RGSL71Q4","RGSL72Q1","RGSL72Q2","RGSL72Q3","RGSL72Q4","RGSL73Q1","RGSL73Q2","RGSL73Q3","RGSL73Q4","RGSL74Q1","RGSL74Q2","RGSL74Q3","RGSL74Q4","RGSL75Q1","RGSL75Q2","RGSL75Q3","RGSL75Q4","RGSL76Q1","RGSL76Q2","RGSL76Q3","RGSL76Q4","RGSL77Q1","RGSL77Q2","RGSL77Q3","RGSL77Q4","RGSL78Q1","RGSL78Q2","RGSL78Q3","RGSL78Q4","RGSL79Q1","RGSL79Q2","RGSL79Q3","RGSL79Q4","RGSL80Q1","RGSL80Q2","RGSL80Q3","RGSL80Q4","RGSL81Q1","RGSL81Q2","RGSL81Q3","RGSL81Q4","RGSL82Q1","RGSL82Q2","RGSL82Q3","RGSL82Q4","RGSL83Q1","RGSL83Q2","RGSL83Q3","RGSL83Q4","RGSL84Q1","RGSL84Q2","RGSL84Q3","RGSL84Q4","RGSL85Q1","RGSL85Q2","RGSL85Q3","RGSL85Q4","RGSL86Q1","RGSL86Q2","RGSL86Q3","RGSL86Q4","RGSL87Q1","RGSL87Q2","RGSL87Q3","RGSL87Q4","RGSL88Q1","RGSL88Q2","RGSL88Q3","RGSL88Q4","RGSL89Q1","RGSL89Q2","RGSL89Q3","RGSL89Q4","RGSL90Q1","RGSL90Q2","RGSL90Q3","RGSL90Q4","RGSL91Q1","RGSL91Q2","RGSL91Q3","RGSL91Q4","RGSL92Q1","RGSL92Q2","RGSL92Q3","RGSL92Q4","RGSL93Q1","RGSL93Q2","RGSL93Q3","RGSL93Q4","RGSL94Q1","RGSL94Q2","RGSL94Q3","RGSL94Q4","RGSL95Q1","RGSL95Q2","RGSL95Q3","RGSL95Q4","RGSL96Q1","RGSL96Q2","RGSL96Q3","RGSL96Q4","RGSL97Q1","RGSL97Q2","RGSL97Q3","RGSL97Q4","RGSL98Q1","RGSL98Q2","RGSL98Q3","RGSL98Q4","RGSL99Q1","RGSL99Q2","RGSL99Q3","RGSL99Q4","RGSL00Q1","RGSL00Q2","RGSL00Q3","RGSL00Q4","RGSL01Q1","RGSL01Q2","RGSL01Q3","RGSL01Q4","RGSL02Q1","RGSL02Q2","RGSL02Q3","RGSL02Q4","RGSL03Q1","RGSL03Q2","RGSL03Q3","RGSL03Q4","RGSL04Q1","RGSL04Q2","RGSL04Q3","RGSL04Q4","RGSL05Q1","RGSL05Q2","RGSL05Q3","RGSL05Q4","RGSL06Q1","RGSL06Q2","RGSL06Q3","RGSL06Q4","RGSL07Q1","RGSL07Q2","RGSL07Q3","RGSL07Q4","RGSL08Q1","RGSL08Q2","RGSL08Q3","RGSL08Q4","RGSL09Q1","RGSL09Q2","RGSL09Q3","RGSL09Q4","RGSL10Q1","RGSL10Q2","RGSL10Q3","RGSL10Q4","RGSL11Q1","RGSL11Q2","RGSL11Q3","RGSL11Q4","RGSL12Q1","RGSL12Q2","RGSL12Q3","RGSL12Q4","RGSL13Q1","RGSL13Q2","RGSL13Q3","RGSL13Q4","RGSL14Q1","RGSL14Q2","RGSL14Q3","RGSL14Q4","RGSL15Q1","RGSL15Q2"
"1947:Q1","19.8","19.8","19.8","19.8","19.8","19.8","19.8","19.8","19.8","19.8","19.8","19.8","19.8","19.8","19.8","19.8","19.8","19.8","19.8","19.8","19.8","19.8","19.8","19.8","19.8","19.8","19.8","19.8","19.8","19.8","19.8","19.8","19.8","19.8","19.8","19.8","19.8","19.8","19.8","19.8","19.8","38.0","38.0","38.0","38.0","38.0","38.0","38.0","38.0","38.0","38.0","38.0","38.0","38.0","38.0","38.0","38.0","38.0","38.0","38.0","38.0","38.1","38.1","38.1","38.1","38.1","38.1","38.1","38.1","38.1","38.1","38.1","38.1","38.1","38.1","38.1","38.1","38.1","38.1","38.1","38.1","85.2","85.2","85.2","85.2","85.2","85.2","85.2","85.2","85.2","85.2","85.2","85.2","85.2","85.2","85.2","85.2","85.2","85.2","85.2","85.2","85.2","85.2","85.2","85.2","#N/A","#N/A","#N/A","#N/A","104.9","104.9","104.9","104.9","104.9","104.9","104.9","104.9","104.9","104.9","104.9","104.9","#N/A","#N/A","#N/A","#N/A","#N/A","121.8828","121.8828","121.8828","121.8828","121.8828","121.8828","121.8828","121.8828","121.8828","121.8828","#N/A","#N/A","#N/A","133.6","133.6","133.6","133.6","133.6","133.6","133.6","133.6","133.6","133.6","133.6","133.6","133.6","133.6","147.0","147.0","147.0","147.0","147.0","147.0","147.0","147.0","147.0","147.0","147.0","147.0","147.0","147.0","147.0","147.0","147.0","147.0","147.0","147.0","147.0","147.0","179.4","179.4","179.4","179.4","179.4","179.4","179.4","179.4","179.4","179.4","179.4","179.4","179.4","179.4","179.4","179.4","221.9","221.9","221.9","221.9","221.9","221.9","221.9","221.9"
"1947:Q2","20.4","20.4","20.4","20.4","20.4","20.4","20.4","20.4","20.4","20.4","20.4","20.4","20.4","20.4","20.4","20.4","20.4","20.4","20.4","20.4","20.4","20.4","20.4","20.4","20.4","20.4","20.4","20.4","20.4","20.4","20.4","20.4","20.4","20.4","20.4","20.4","20.4","20.4","20.4","20.4","20.4","38.8","38.8","38.8","38.8","38.8","38.8","38.8","38.8","38.8","38.8","38.8","38.8","38.8","38.8","38.8","38.8","38.8","38.8","38.8","38.8","39.0","39.0","39.0","39.0","39.0","39.0","39.0","39.0","39.0","39.0","39.0","39.0","39.0","39.0","39.0","39.0","39.0","39.0","39.0","39.0","87.0","87.0","87.0","87.0","87.0","87.0","87.0","87.0","87.0","87.0","87.0","87.0","87.0","87.0","87.0","87.0","87.0","87.0","87.0","87.0","87.0","87.0","87.0","87.0","#N/A","#N/A","#N/A","#N/A","107.1","107.1","107.1","107.1","107.1","107.1","107.1","107.1","107.1","107.1","107.1","107.1","#N/A","#N/A","#N/A","#N/A","#N/A","123.8688","123.8688","123.8688","123.8688","123.8688","123.8688","123.8688","123.8688","123.8688","123.8688","#N/A","#N/A","#N/A","135.6","135.6","135.6","135.6","135.6","135.6","135.6","135.6","135.6","135.6","135.6","135.6","135.6","135.6","149.0","149.0","149.0","149.0","149.0","149.0","149.0","149.0","149.0","149.0","149.0","149.0","149.0","149.0","149.0","149.0","149.0","149.0","149.0","149.0","149.0","149.0","181.8","181.8","181.8","181.8","181.8","181.8","181.8","181.8","181.9","181.9","181.9","181.9","181.9","181.9","181.9","181.9","224.9","224.9","224.9","224.9","224.9","224.9","224.9","224.9"
"1947:Q3","21.2","21.2","21.2","21.2","21.2","21.2","21.2","21.2","21.2","21.2","21.2","21.2","21.2","21.2","21.2","21.2","21.2","21.2","21.2","21.2","21.2","21.2","21.2","21.2","21.2","21.2","21.2","21.2","21.2","21.2","21.2","21.2","21.2","21.2","21.2","21.2","21.2","21.2","21.2","21.2","21.2","39.7","39.7","39.7","39.7","39.7","39.7","39.7","39.7","39.7","39.7","39.7","39.7","39.7","39.7","39.7","39.7","39.7","39.7","39.7","39.7","39.8","39.8","39.8","39.8","39.8","39.8","39.8","39.8","39.8","39.8","39.8","39.8","39.8","39.8","39.8","39.8","39.8","39.8","39.8","39.8","89.0","89.0","89.0","89.0","89.0","89.0","89.0","89.0","89.0","89.0","89.0","89.0","89.0","89.0","89.0","89.0","89.0","89.0","89.0","89.0","89.0","89.0","89.0","89.0","#N/A","#N/A","#N/A","#N/A","109.4","109.4","109.4","109.4","109.4","109.4","109.4","109.4","109.4","109.4","109.4","109.4","#N/A","#N/A","#N/A","#N/A","#N/A","126.7375","126.7375","126.7375","126.7375","126.7375","126.7375","126.7375","126.7375","126.7375","126.7375","#N/A","#N/A","#N/A","138.8","138.8","138.8","138.8","138.8","138.8","138.8","138.8","138.8","138.8","138.8","138.8","138.8","138.8","152.4","152.4","152.4","152.4","152.4","152.4","152.4","152.4","152.4","152.4","152.4","152.4","152.4","152.4","152.4","152.4","152.4","152.4","152.4","152.4","152.4","152.4","186.0","186.0","186.0","186.0","186.0","186.0","186.0","186.0","186.1","186.1","186.1","186.1","186.1","186.1","186.1","186.1","230.0","230.0","230.0","230.0","230.0","230.0","230.0","230.0"
"1947:Q4","21.5","21.5","21.5","21.5","21.5","21.5","21.5","21.5","21.5","21.5","21.5","21.5","21.5","21.5","21.5","21.5","21.5","21.5","21.5","21.5","21.5","21.5","21.5","21.5","21.5","21.5","21.5","21.5","21.5","21.5","21.5","21.5","21.5","21.5","21.5","21.5","21.5","21.5","21.5","21.5","21.5","40.4","40.4","40.4","40.4","40.4","40.4","40.4","40.4","40.4","40.4","40.4","40.4","40.4","40.4","40.4","40.4","40.4","40.4","40.4","40.4","40.5","40.5","40.5","40.5","40.5","40.5","40.5","40.5","40.5","40.5","40.5","40.5","40.5","40.5","40.5","40.5","40.5","40.5","40.5","40.5","90.5","90.5","90.5","90.5","90.5","90.5","90.5","90.5","90.5","90.5","90.5","90.5","90.5","90.5","90.5","90.5","90.5","90.5","90.5","90.5","90.5","90.5","90.5","90.5","#N/A","#N/A","#N/A","#N/A","111.2","111.2","111.2","111.2","111.2","111.2","111.2","111.2","111.2","111.2","111.2","111.2","#N/A","#N/A","#N/A","#N/A","#N/A","128.7971","128.7971","128.7971","128.7971","128.7971","128.7971","128.7971","128.7971","128.7971","128.7971","#N/A","#N/A","#N/A","141.0","141.0","141.0","141.0","141.0","141.0","141.0","141.0","141.0","141.0","141.0","141.0","141.0","141.0","154.9","154.9","154.9","154.9","154.9","154.9","154.9","154.9","154.9","154.9","154.9","154.9","154.9","154.9","154.9","154.9","154.9","154.9","154.9","154.9","154.9","154.9","189.0","189.0","189.0","189.0","189.0","189.0","189.0","189.0","189.1","189.1","189.1","189.1","189.1","189.1","189.1","189.1","233.6","233.6","233.6","233.6","233.6","233.6","233.6","233.6"
"1948:Q1","21.8","21.8","21.8","21.8","21.8","21.8","21.8","21.8","21.8","21.8","21.8","21.8","21.8","21.8","21.8","21.8","21.8","21.8","21.8","21.8","21.8","21.8","21.8","21.8","21.8","21.8","21.8","21.8","21.8","21.8","21.8","21.8","21.8","21.8","21.8","21.8","21.8","21.8","21.8","21.8","21.8","40.3","40.3","40.3","40.3","40.3","40.3","40.3","40.3","40.3","40.3","40.3","40.3","40.3","40.3","40.3","40.3","40.3","40.3","40.3","40.3","40.5","40.5","40.5","40.5","40.5","40.5","40.5","40.5","40.5","40.5","40.5","40.5","40.5","40.5","40.5","40.5","40.5","40.5","40.5","40.5","90.4","90.4","90.4","90.4","90.4","90.4","90.4","90.4","90.4","90.4","90.4","90.4","90.4","90.4","90.4","90.4","90.4","90.4","90.4","90.4","90.4","90.4","90.4","90.4","#N/A","#N/A","#N/A","#N/A","111.0","111.0","111.0","111.0","111.0","111.0","111.0","111.0","111.0","111.0","111.0","111.0","#N/A","#N/A","#N/A","#N/A","#N/A","128.65","128.65","128.65","128.65","128.65","128.65","128.65","128.65","128.65","128.65","#N/A","#N/A","#N/A","140.7","140.7","140.7","140.7","140.7","140.7","140.7","140.7","140.7","140.7","140.7","140.7","140.7","140.7","154.7","154.7","154.7","154.7","154.7","154.7","154.7","154.7","154.7","154.7","154.7","154.7","154.7","154.7","154.7","154.7","154.7","154.7","154.7","154.7","154.7","154.7","188.7","188.7","188.7","188.7","188.7","188.7","188.7","188.7","188.9","188.9","188.9","188.9","188.9","188.9","188.9","188.9","233.1","233.1","233.1","233.1","233.1","233.1","233.1","233.1"
"1948:Q2","22.5","22.5","22.5","22.5","22.5","22.5","22.5","22.5","22.5","22.5","22.5","22.5","22.5","22.5","22.5","22.5","22.5","22.5","22.5","22.5","22.5","22.5","22.5","22.5","22.5","22.5","22.5","22.5","22.5","22.5","22.5","22.5","22.5","22.5","22.5","22.5","22.5","22.5","22.5","22.5","22.5","41.3","41.3","41.3","41.3","41.3","41.3","41.3","41.3","41.3","41.3","41.3","41.3","41.3","41.3","41.3","41.3","41.3","41.3","41.3","41.3","41.4","41.4","41.4","41.4","41.4","41.4","41.4","41.4","41.4","41.4","41.4","41.4","41.4","41.4","41.4","41.4","41.4","41.4","41.4","41.4","92.6","92.6","92.6","92.6","92.6","92.6","92.6","92.6","92.6","92.6","92.6","92.6","92.6","92.6","92.6","92.6","92.6","92.6","92.6","92.6","92.6","92.6","92.6","92.6","#N/A","#N/A","#N/A","#N/A","113.3","113.3","113.3","113.3","113.3","113.3","113.3","113.3","113.3","113.3","113.3","113.3","#N/A","#N/A","#N/A","#N/A","#N/A","132.3278","132.3278","132.3278","132.3278","132.3278","132.3278","132.3278","132.3278","132.3278","132.3278","#N/A","#N/A","#N/A","144.8","144.8","144.8","144.8","144.8","144.8","144.8","144.8","144.8","144.8","144.8","144.8","144.8","144.8","159.1","159.1","159.1","159.1","159.1","159.1","159.1","159.1","159.1","159.1","159.1","159.1","159.1","159.1","159.1","159.1","159.1","159.1","159.1","159.1","159.1","159.1","194.1","194.1","194.1","194.1","194.1","194.1","194.1","194.1","194.3","194.3","194.3","194.3","194.3","194.3","194.3","194.3","239.4","239.4","239.4","239.4","239.4","239.4","239.4","239.4"
"1948:Q3","22.8","22.8","22.8","22.8","22.8","22.8","22.8","22.8","22.8","22.8","22.8","22.8","22.8","22.8","22.8","22.8","22.8","22.8","22.8","22.8","22.8","22.8","22.8","22.8","22.8","22.8","22.8","22.8","22.8","22.8","22.8","22.8","22.8","22.8","22.8","22.8","22.8","22.8","22.8","22.8","22.8","42.0","42.0","42.0","42.0","42.0","42.0","42.0","42.0","42.0","42.0","42.0","42.0","42.0","42.0","42.0","42.0","42.0","42.0","42.0","42.0","42.1","42.1","42.1","42.1","42.1","42.1","42.1","42.1","42.1","42.1","42.1","42.1","42.1","42.1","42.1","42.1","42.1","42.1","42.1","42.1","94.2","94.2","94.2","94.2","94.2","94.2","94.2","94.2","94.2","94.2","94.2","94.2","94.2","94.2","94.2","94.2","94.2","94.2","94.2","94.2","94.2","94.2","94.2","94.2","#N/A","#N/A","#N/A","#N/A","115.1","115.1","115.1","115.1","115.1","115.1","115.1","115.1","115.1","115.1","115.1","115.1","#N/A","#N/A","#N/A","#N/A","#N/A","134.6081","134.6081","134.6081","134.6081","134.6081","134.6081","134.6081","134.6081","134.6081","134.6081","#N/A","#N/A","#N/A","147.2","147.2","147.2","147.2","147.2","147.2","147.2","147.2","147.2","147.2","147.2","147.2","147.2","147.2","161.9","161.9","161.9","161.9","161.9","161.9","161.9","161.9","161.9","161.9","161.9","161.9","161.9","161.9","161.9","161.9","161.9","161.9","161.9","161.9","161.9","161.9","197.6","197.6","197.6","197.6","197.6","197.6","197.6","197.6","197.7","197.7","197.7","197.7","197.7","197.7","197.7","197.7","243.5","243.5","243.5","243.5","243.5","243.5","243.5","243.5"
"1948:Q4","23.3","23.3","23.3","23.3","23.3","23.3","23.3","23.3","23.3","23.3","23.3","23.3","23.3","23.3","23.3","23.3","23.3","23.3","23.3","23.3","23.3","23.3","23.3","23.3","23.3","23.3","23.3","23.3","23.3","23.3","23.3","23.3","23.3","23.3","23.3","23.3","23.3","23.3","23.3","23.3","23.3","43.0","43.0","43.0","43.0","43.0","43.0","43.0","43.0","43.0","43.0","43.0","43.0","43.0","43.0","43.0","43.0","43.0","43.0","43.0","43.0","43.1","43.1","43.1","43.1","43.1","43.1","43.1","43.1","43.1","43.1","43.1","43.1","43.1","43.1","43.1","43.1","43.1","43.1","43.1","43.1","96.6","96.6","96.6","96.6","96.6","96.6","96.6","96.6","96.6","96.6","96.6","96.6","96.6","96.6","96.6","96.6","96.6","96.6","96.6","96.6","96.6","96.6","96.6","96.6","#N/A","#N/A","#N/A","#N/A","117.7","117.7","117.7","117.7","117.7","117.7","117.7","117.7","117.7","117.7","117.7","117.7","#N/A","#N/A","#N/A","#N/A","#N/A","138.0652","138.0652","138.0652","138.0652","138.0652","138.0652","138.0652","138.0652","138.0652","138.0652","#N/A","#N/A","#N/A","150.9","150.9","150.9","150.9","150.9","150.9","150.9","150.9","150.9","150.9","150.9","150.9","150.9","150.9","165.9","165.9","165.9","165.9","165.9","165.9","165.9","165.9","165.9","165.9","165.9","165.9","165.9","165.9","165.9","165.9","165.9","165.9","165.9","165.9","165.9","165.9","202.5","202.5","202.5","202.5","202.5","202.5","202.5","202.5","202.5","202.5","202.5","202.5","202.5","202.5","202.5","202.5","249.3","249.3","249.3","249.3","249.3","249.3","249.3","249.3"
"1949:Q1","24.4","24.4","24.4","24.4","24.4","24.4","24.4","24.4","24.4","24.4","24.4","24.4","24.4","24.4","24.4","24.4","24.4","24.4","24.4","24.4","24.4","24.4","24.4","24.4","24.4","24.4","24.4","24.4","24.4","24.4","24.4","24.4","24.4","24.4","24.4","24.4","24.4","24.4","24.4","24.4","24.4","44.6","44.6","44.6","44.6","44.6","44.6","44.6","44.6","44.6","44.6","44.6","44.6","44.6","44.6","44.6","44.6","44.6","44.6","44.6","44.6","44.8","44.8","44.8","44.8","44.8","44.8","44.8","44.8","44.8","44.8","44.8","44.8","44.8","44.8","44.8","44.8","44.8","44.8","44.8","44.8","100.3","100.3","100.3","100.3","100.3","100.3","100.3","100.3","100.3","100.3","100.3","100.3","100.3","100.3","100.3","100.3","100.3","100.3","100.3","100.3","100.3","100.3","100.3","100.3","#N/A","#N/A","#N/A","#N/A","122.2","122.2","122.2","122.2","122.2","122.2","122.2","122.2","122.2","122.2","122.2","122.2","#N/A","#N/A","#N/A","#N/A","#N/A","143.729","143.729","143.729","143.729","143.729","143.729","143.729","143.729","143.729","143.729","#N/A","#N/A","#N/A","157.1","157.1","157.1","157.1","157.1","157.1","157.1","157.1","157.1","157.1","157.1","157.1","157.1","157.1","172.7","172.7","172.7","172.7","172.7","172.7","172.7","172.7","172.7","172.7","172.7","172.7","172.7","172.7","172.7","172.7","172.7","172.7","172.7","172.7","172.7","172.7","211.0","211.0","211.0","211.0","211.0","211.0","211.0","211.0","210.9","210.9","210.9","210.9","210.9","210.9","210.9","210.9","259.4","259.4","259.4","259.4","259.4","259.4","259.4","259.4"
"1949:Q2","25.6","25.6","25.6","25.6","25.6","25.6","25.6","25.6","25.6","25.6","25.6","25.6","25.6","25.6","25.6","25.6","25.6","25.6","25.6","25.6","25.6","25.6","25.6","25.6","25.6","25.6","25.6","25.6","25.6","25.6","25.6","25.6","25.6","25.6","25.6","25.6","25.6","25.6","25.6","25.6","25.6","46.8","46.8","46.8","46.8","46.8","46.8","46.8","46.8","46.8","46.8","46.8","46.8","46.8","46.8","46.8","46.8","46.8","46.8","46.8","46.8","46.9","46.9","46.9","46.9","46.9","46.9","46.9","46.9","46.9","46.9","46.9","46.9","46.9","46.9","46.9","46.9","46.9","46.9","46.9","46.9","105.3","105.3","105.3","105.3","105.3","105.3","105.3","105.3","105.3","105.3","105.3","105.3","105.3","105.3","105.3","105.3","105.3","105.3","105.3","105.3","105.3","105.3","105.3","105.3","#N/A","#N/A","#N/A","#N/A","127.9","127.9","127.9","127.9","127.9","127.9","127.9","127.9","127.9","127.9","127.9","127.9","#N/A","#N/A","#N/A","#N/A","#N/A","152.1145","152.1145","152.1145","152.1145","152.1145","152.1145","152.1145","152.1145","152.1145","152.1145","#N/A","#N/A","#N/A","166.1","166.1","166.1","166.1","166.1","166.1","166.1","166.1","166.1","166.1","166.1","166.1","166.1","166.1","182.6","182.6","182.6","182.6","182.6","182.6","182.6","182.6","182.6","182.6","182.6","182.6","182.6","182.6","182.6","182.6","182.6","182.6","182.6","182.6","182.6","182.6","223.0","223.0","223.0","223.0","223.0","223.0","223.0","223.0","222.9","222.9","222.9","222.9","222.9","222.9","222.9","222.9","273.8","273.8","273.8","273.8","273.8","273.8","273.8","273.8"
"1949:Q3","26.1","26.1","26.1","26.1","26.1","26.1","26.1","26.1","26.1","26.1","26.1","26.1","26.1","26.1","26.1","26.1","26.1","26.1","26.1","26.1","26.1","26.1","26.1","26.1","26.1","26.1","26.1","26.1","26.1","26.1","26.1","26.1","26.1","26.1","26.1","26.1","26.1","26.1","26.1","26.1","26.1","48.5","48.5","48.5","48.5","48.5","48.5","48.5","48.5","48.5","48.5","48.5","48.5","48.5","48.5","48.5","48.5","48.5","48.5","48.5","48.5","48.7","48.7","48.7","48.7","48.7","48.7","48.7","48.7","48.7","48.7","48.7","48.7","48.7","48.7","48.7","48.7","48.7","48.7","48.7","48.7","109.3","109.3","109.3","109.3","109.3","109.3","109.3","109.3","109.3","109.3","109.3","109.3","109.3","109.3","109.3","109.3","109.3","109.3","109.3","109.3","109.3","109.3","109.3","109.3","#N/A","#N/A","#N/A","#N/A","132.7","132.7","132.7","132.7","132.7","132.7","132.7","132.7","132.7","132.7","132.7","132.7","#N/A","#N/A","#N/A","#N/A","#N/A","158.4403","158.4403","158.4403","158.4403","158.4403","158.4403","158.4403","158.4403","158.4403","158.4403","#N/A","#N/A","#N/A","173.0","173.0","173.0","173.0","173.0","173.0","173.0","173.0","173.0","173.0","173.0","173.0","173.0","173.0","190.2","190.2","190.2","190.2","190.2","190.2","190.2","190.2","190.2","190.2","190.2","190.2","190.2","190.2","190.2","190.2","190.2","190.2","190.2","190.2","190.2","190.2","232.3","232.3","232.3","232.3","232.3","232.3","232.3","232.3","232.2","232.2","232.2","232.2","232.2","232.2","232.2","232.2","285.0","285.0","285.0","285.0","285.0","285.0","285.0","285.0"
"1949:Q4","26.7","26.7","26.7","26.7","26.7","26.7","26.7","26.7","26.7","26.7","26.7","26.7","26.7","26.7","26.7","26.7","26.7","26.7","26.7","26.7","26.7","26.7","26.7","26.7","26.7","26.7","26.7","26.7","26.7","26.7","26.7","26.7","26.7","26.7","26.7","26.7","26.7","26.7","26.7","26.7","26.7","49.4","49.4","49.4","49.4","49.4","49.4","49.4","49.4","49.4","49.4","49.4","49.4","49.4","49.4","49.4","49.4","49.4","49.4","49.4","49.4","49.5","49.5","49.5","49.5","49.5","49.5","49.5","49.5","49.5","49.5","49.5","49.5","49.5","49.5","49.5","49.5","49.5","49.5","49.5","49.5","111.2","111.2","111.2","111.2","111.2","111.2","111.2","111.2","111.2","111.2","111.2","111.2","111.2","111.2","111.2","111.2","111.2","111.2","111.2","111.2","111.2","111.2","111.2","111.2","#N/A","#N/A","#N/A","#N/A","135.2","135.2","135.2","135.2","135.2","135.2","135.2","135.2","135.2","135.2","135.2","135.2","#N/A","#N/A","#N/A","#N/A","#N/A","161.4561","161.4561","161.4561","161.4561","161.4561","161.4561","161.4561","161.4561","161.4561","161.4561","#N/A","#N/A","#N/A","176.2","176.2","176.2","176.2","176.2","176.2","176.2","176.2","176.2","176.2","176.2","176.2","176.2","176.2","193.8","193.8","193.8","193.8","193.8","193.8","193.8","193.8","193.8","193.8","193.8","193.8","193.8","193.8","193.8","193.8","193.8","193.8","193.8","193.8","193.8","193.8","236.7","236.7","236.7","236.7","236.7","236.7","236.7","236.7","236.6","236.6","236.6","236.6","236.6","236.6","236.6","236.6","290.4","290.4","290.4","290.4","290.4","290.4","290.4","290.4"
"1950:Q1","27.2","27.2","27.2","27.2","27.2","27.2","27.2","27.2","27.2","27.2","27.2","27.2","27.2","27.2","27.2","27.2","27.2","27.2","27.2","27.2","27.2","27.2","27.2","27.2","27.2","27.2","27.2","27.2","27.2","27.2","27.2","27.2","27.2","27.2","27.2","27.2","27.2","27.2","27.2","27.2","27.2","50.3","50.3","50.3","50.3","50.3","50.3","50.3","50.3","50.3","50.3","50.3","50.3","50.3","50.3","50.3","50.3","50.3","50.3","50.3","50.3","50.4","50.4","50.4","50.4","50.4","50.4","50.4","50.4","50.4","50.4","50.4","50.4","50.4","50.4","50.4","50.4","50.4","50.4","50.4","50.4","113.4","113.4","113.4","113.4","113.4","113.4","113.4","113.4","113.4","113.4","113.4","113.4","113.4","113.4","113.4","113.4","113.4","113.4","113.4","113.4","113.4","113.4","113.4","113.4","#N/A","#N/A","#N/A","#N/A","137.9","137.9","137.9","137.9","137.9","137.9","137.9","137.9","137.9","137.9","137.9","137.9","#N/A","#N/A","#N/A","#N/A","#N/A","165.5017","165.5017","165.5017","165.5017","165.5017","165.5017","165.5017","165.5017","165.5017","165.5017","#N/A","#N/A","#N/A","180.8","180.8","180.8","180.8","180.8","180.8","180.8","180.8","180.8","180.8","180.8","180.8","180.8","180.8","198.6","198.6","198.6","198.6","198.6","198.6","198.6","198.6","198.6","198.6","198.6","198.6","198.6","198.6","198.6","198.6","198.6","198.6","198.6","198.6","198.6","198.6","242.6","242.6","242.6","242.6","242.6","242.6","242.6","242.6","242.5","242.5","242.5","242.5","242.5","242.5","242.5","242.5","297.5","297.5","297.5","297.5","297.5","297.5","297.5","297.5"
"1950:Q2","27.5","27.5","27.5","27.5","27.5","27.5","27.5","27.5","27.5","27.5","27.5","27.5","27.5","27.5","27.5","27.5","27.5","27.5","27.5","27.5","27.5","27.5","27.5","27.5","27.5","27.5","27.5","27.5","27.5","27.5","27.5","27.5","27.5","27.5","27.5","27.5","27.5","27.5","27.5","27.5","27.5","50.7","50.7","50.7","50.7","50.7","50.7","50.7","50.7","50.7","50.7","50.7","50.7","50.7","50.7","50.7","50.7","50.7","50.7","50.7","50.7","50.8","50.8","50.8","50.8","50.8","50.8","50.8","50.8","50.8","50.8","50.8","50.8","50.8","50.8","50.8","50.8","50.8","50.8","50.8","50.8","114.2","114.2","114.2","114.2","114.2","114.2","114.2","114.2","114.2","114.2","114.2","114.2","114.2","114.2","114.2","114.2","114.2","114.2","114.2","114.2","114.2","114.2","114.2","114.2","#N/A","#N/A","#N/A","#N/A","138.9","138.9","138.9","138.9","138.9","138.9","138.9","138.9","138.9","138.9","138.9","138.9","#N/A","#N/A","#N/A","#N/A","#N/A","167.0464","167.0464","167.0464","167.0464","167.0464","167.0464","167.0464","167.0464","167.0464","167.0464","#N/A","#N/A","#N/A","182.3","182.3","182.3","182.3","182.3","182.3","182.3","182.3","182.3","182.3","182.3","182.3","182.3","182.3","200.3","200.3","200.3","200.3","200.3","200.3","200.3","200.3","200.3","200.3","200.3","200.3","200.3","200.3","200.3","200.3","200.3","200.3","200.3","200.3","200.3","200.3","244.6","244.6","244.6","244.6","244.6","244.6","244.6","244.6","244.6","244.6","244.6","244.6","244.6","244.6","244.6","244.6","300.0","300.0","300.0","300.0","300.0","300.0","300.0","300.0"
"1950:Q3","27.7","27.7","27.7","27.7","27.7","27.7","27.7","27.7","27.7","27.7","27.7","27.7","27.7","27.7","27.7","27.7","27.7","27.7","27.7","27.7","27.7","27.7","27.7","27.7","27.7","27.7","27.7","27.7","27.7","27.7","27.7","27.7","27.7","27.7","27.7","27.7","27.7","27.7","27.7","27.7","27.7","50.8","50.8","50.8","50.8","50.8","50.8","50.8","50.8","50.8","50.8","50.8","50.8","50.8","50.8","50.8","50.8","50.8","50.8","50.8","50.8","50.9","50.9","50.9","50.9","50.9","50.9","50.9","50.9","50.9","50.9","50.9","50.9","50.9","50.9","50.9","50.9","50.9","50.9","50.9","50.9","114.4","114.4","114.4","114.4","114.4","114.4","114.4","114.4","114.4","114.4","114.4","114.4","114.4","114.4","114.4","114.4","114.4","114.4","114.4","114.4","114.4","114.4","114.4","114.4","#N/A","#N/A","#N/A","#N/A","139.2","139.2","139.2","139.2","139.2","139.2","139.2","139.2","139.2","139.2","139.2","139.2","#N/A","#N/A","#N/A","#N/A","#N/A","167.2671","167.2671","167.2671","167.2671","167.2671","167.2671","167.2671","167.2671","167.2671","167.2671","#N/A","#N/A","#N/A","182.6","182.6","182.6","182.6","182.6","182.6","182.6","182.6","182.6","182.6","182.6","182.6","182.6","182.6","200.5","200.5","200.5","200.5","200.5","200.5","200.5","200.5","200.5","200.5","200.5","200.5","200.5","200.5","200.5","200.5","200.5","200.5","200.5","200.5","200.5","200.5","244.7","244.7","244.7","244.7","244.7","244.7","244.7","244.7","244.8","244.8","244.8","244.8","244.8","244.8","244.8","244.8","300.2","300.2","300.2","300.2","300.2","300.2","300.2","300.2"
"1950:Q4","27.7","27.7","27.7","27.7","27.7","27.7","27.7","27.7","27.7","27.7","27.7","27.7","27.7","27.7","27.7","27.7","27.7","27.7","27.7","27.7","27.7","27.7","27.7","27.7","27.7","27.7","27.7","27.7","27.7","27.7","27.7","27.7","27.7","27.7","27.7","27.7","27.7","27.7","27.7","27.7","27.7","50.9","50.9","50.9","50.9","50.9","50.9","50.9","50.9","50.9","50.9","50.9","50.9","50.9","50.9","50.9","50.9","50.9","50.9","50.9","50.9","51.0","51.0","51.0","51.0","51.0","51.0","51.0","51.0","51.0","51.0","51.0","51.0","51.0","51.0","51.0","51.0","51.0","51.0","51.0","51.0","114.7","114.7","114.7","114.7","114.7","114.7","114.7","114.7","114.7","114.7","114.7","114.7","114.7","114.7","114.7","114.7","114.7","114.7","114.7","114.7","114.7","114.7","114.7","114.7","#N/A","#N/A","#N/A","#N/A","139.6","139.6","139.6","139.6","139.6","139.6","139.6","139.6","139.6","139.6","139.6","139.6","#N/A","#N/A","#N/A","#N/A","#N/A","167.3406","167.3406","167.3406","167.3406","167.3406","167.3406","167.3406","167.3406","167.3406","167.3406","#N/A","#N/A","#N/A","182.7","182.7","182.7","182.7","182.7","182.7","182.7","182.7","182.7","182.7","182.7","182.7","182.7","182.7","200.6","200.6","200.6","200.6","200.6","200.6","200.6","200.6","200.6","200.6","200.6","200.6","200.6","200.6","200.6","200.6","200.6","200.6","200.6","200.6","200.6","200.6","244.8","244.8","244.8","244.8","244.8","244.8","244.8","244.8","244.9","244.9","244.9","244.9","244.9","244.9","244.9","244.9","300.4","300.4","300.4","300.4","300.4","300.4","300.4","300.4"
"1951:Q1","27.7","27.7","27.7","27.7","27.7","27.7","27.7","27.7","27.7","27.7","27.7","27.7","27.7","27.7","27.7","27.7","27.7","27.7","27.7","27.7","27.7","27.7","27.7","27.7","27.7","27.7","27.7","27.7","27.7","27.7","27.7","27.7","27.7","27.7","27.7","27.7","27.7","27.7","27.7","27.7","27.7","50.5","50.5","50.5","50.5","50.5","50.5","50.5","50.5","50.5","50.5","50.5","50.5","50.5","50.5","50.5","50.5","50.5","50.5","50.5","50.5","50.7","50.7","50.7","50.7","50.7","50.7","50.7","50.7","50.7","50.7","50.7","50.7","50.7","50.7","50.7","50.7","50.7","50.7","50.7","50.7","113.7","113.7","113.7","113.7","113.7","113.7","113.7","113.7","113.7","113.7","113.7","113.7","113.7","113.7","113.7","113.7","113.7","113.7","113.7","113.7","113.7","113.7","113.7","113.7","#N/A","#N/A","#N/A","#N/A","138.7","138.7","138.7","138.7","138.7","138.7","138.7","138.7","138.7","138.7","138.7","138.7","#N/A","#N/A","#N/A","#N/A","#N/A","165.5753","165.5753","165.5753","165.5753","165.5753","165.5753","165.5753","165.5753","165.5753","165.5753","#N/A","#N/A","#N/A","180.8","180.8","180.8","180.8","180.8","180.8","180.8","180.8","180.8","180.8","180.8","180.8","180.8","180.8","198.6","198.6","198.6","198.6","198.6","198.6","198.6","198.6","198.6","198.6","198.6","198.6","198.6","198.6","198.6","198.6","198.6","198.6","198.6","198.6","198.6","198.6","242.5","242.5","242.5","242.5","242.5","242.5","242.5","242.5","242.5","242.5","242.5","242.5","242.5","242.5","242.5","242.5","297.5","297.5","297.5","297.5","297.5","297.5","297.5","297.5"
"1951:Q2","27.8","27.8","27.8","27.8","27.8","27.8","27.8","27.8","27.8","27.8","27.8","27.8","27.8","27.8","27.8","27.8","27.8","27.8","27.8","27.8","27.8","27.8","27.8","27.8","27.8","27.8","27.8","27.8","27.8","27.8","27.8","27.8","27.8","27.8","27.8","27.8","27.8","27.8","27.8","27.8","27.8","51.3","51.3","51.3","51.3","51.3","51.3","51.3","51.3","51.3","51.3","51.3","51.3","51.3","51.3","51.3","51.3","51.3","51.3","51.3","51.3","51.5","51.5","51.5","51.5","51.5","51.5","51.5","51.5","51.5","51.5","51.5","51.5","51.5","51.5","51.5","51.5","51.5","51.5","51.5","51.5","115.6","115.6","115.6","115.6","115.6","115.6","115.6","115.6","115.6","115.6","115.6","115.6","115.6","115.6","115.6","115.6","115.6","115.6","115.6","115.6","115.6","115.6","115.6","115.6","#N/A","#N/A","#N/A","#N/A","140.8","140.8","140.8","140.8","140.8","140.8","140.8","140.8","140.8","140.8","140.8","140.8","#N/A","#N/A","#N/A","#N/A","#N/A","168.5175","168.5175","168.5175","168.5175","168.5175","168.5175","168.5175","168.5175","168.5175","168.5175","#N/A","#N/A","#N/A","183.9","183.9","183.9","183.9","183.9","183.9","183.9","183.9","183.9","183.9","183.9","183.9","183.9","183.9","202.0","202.0","202.0","202.0","202.0","202.0","202.0","202.0","202.0","202.0","202.0","202.0","202.0","202.0","202.0","202.0","202.0","202.0","202.0","202.0","202.0","202.0","246.6","246.6","246.6","246.6","246.6","246.6","246.6","246.6","246.6","246.6","246.6","246.6","246.6","246.6","246.6","246.6","302.5","302.5","302.5","302.5","302.5","302.5","302.5","302.5"
"1951:Q3","28.0","28.0","28.0","28.0","28.0","28.0","28.0","28.0","28.0","28.0","28.0","28.0","28.0","28.0","28.0","28.0","28.0","28.0","28.0","28.0","28.0","28.0","28.0","28.0","28.0","28.0","28.0","28.0","28.0","28.0","28.0","28.0","28.0","28.0","28.0","28.0","28.0","28.0","28.0","28.0","28.0","51.6","51.6","51.6","51.6","51.6","51.6","51.6","51.6","51.6","51.6","51.6","51.6","51.6","51.6","51.6","51.6","51.6","51.6","51.6","51.6","51.8","51.8","51.8","51.8","51.8","51.8","51.8","51.8","51.8","51.8","51.8","51.8","51.8","51.8","51.8","51.8","51.8","51.8","51.8","51.8","116.1","116.1","116.1","116.1","116.1","116.1","116.1","116.1","116.1","116.1","116.1","116.1","116.1","116.1","116.1","116.1","116.1","116.1","116.1","116.1","116.1","116.1","116.1","116.1","#N/A","#N/A","#N/A","#N/A","141.6","141.6","141.6","141.6","141.6","141.6","141.6","141.6","141.6","141.6","141.6","141.6","#N/A","#N/A","#N/A","#N/A","#N/A","169.3266","169.3266","169.3266","169.3266","169.3266","169.3266","169.3266","169.3266","169.3266","169.3266","#N/A","#N/A","#N/A","184.8","184.8","184.8","184.8","184.8","184.8","184.8","184.8","184.8","184.8","184.8","184.8","184.8","184.8","203.0","203.0","203.0","203.0","203.0","203.0","203.0","203.0","203.0","203.0","203.0","203.0","203.0","203.0","203.0","203.0","203.0","203.0","203.0","203.0","203.0","203.0","247.8","247.8","247.8","247.8","247.8","247.8","247.8","247.8","247.8","247.8","247.8","247.8","247.8","247.8","247.8","247.8","304.0","304.0","304.0","304.0","304.0","304.0","304.0","304.0"
"1951:Q4","28.1","28.1","28.1","28.1","28.1","28.1","28.1","28.1","28.1","28.1","28.1","28.1","28.1","28.1","28.1","28.1","28.1","28.1","28.1","28.1","28.1","28.1","28.1","28.1","28.1","28.1","28.1","28.1","28.1","28.1","28.1","28.1","28.1","28.1","28.1","28.1","28.1","28.1","28.1","28.1","28.1","51.6","51.6","51.6","51.6","51.6","51.6","51.6","51.6","51.6","51.6","51.6","51.6","51.6","51.6","51.6","51.6","51.6","51.6","51.6","51.6","51.8","51.8","51.8","51.8","51.8","51.8","51.8","51.8","51.8","51.8","51.8","51.8","51.8","51.8","51.8","51.8","51.8","51.8","51.8","51.8","116.1","116.1","116.1","116.1","116.1","116.1","116.1","116.1","116.1","116.1","116.1","116.1","116.1","116.1","116.1","116.1","116.1","116.1","116.1","116.1","116.1","116.1","116.1","116.1","#N/A","#N/A","#N/A","#N/A","141.6","141.6","141.6","141.6","141.6","141.6","141.6","141.6","141.6","141.6","141.6","141.6","#N/A","#N/A","#N/A","#N/A","#N/A","169.0324","169.0324","169.0324","169.0324","169.0324","169.0324","169.0324","169.0324","169.0324","169.0324","#N/A","#N/A","#N/A","184.5","184.5","184.5","184.5","184.5","184.5","184.5","184.5","184.5","184.5","184.5","184.5","184.5","184.5","202.6","202.6","202.6","202.6","202.6","202.6","202.6","202.6","202.6","202.6","202.6","202.6","202.6","202.6","202.6","202.6","202.6","202.6","202.6","202.6","202.6","202.6","247.4","247.4","247.4","247.4","247.4","247.4","247.4","247.4","247.4","247.4","247.4","247.4","247.4","247.4","247.4","247.4","303.6","303.6","303.6","303.6","303.6","303.6","303.6","303.6"
"1952:Q1","28.1","28.1","28.1","28.1","28.1","28.1","28.1","28.1","28.1","28.1","28.1","28.1","28.1","28.1","28.1","28.1","28.1","28.1","28.1","28.1","28.1","28.1","28.1","28.1","28.1","28.1","28.1","28.1","28.1","28.1","28.1","28.1","28.1","28.1","28.1","28.1","28.1","28.1","28.1","28.1","28.1","52.0","52.0","52.0","52.0","52.0","52.0","52.0","52.0","52.0","52.0","52.0","52.0","52.0","52.0","52.0","52.0","52.0","52.0","52.0","52.0","52.2","52.2","52.2","52.2","52.2","52.2","52.2","52.2","52.2","52.2","52.2","52.2","52.2","52.2","52.2","52.2","52.2","52.2","52.2","52.2","116.3","116.3","116.3","116.3","116.3","116.3","116.3","116.3","116.3","116.3","116.3","116.3","116.3","116.3","116.3","116.3","116.3","116.3","116.3","116.3","116.3","116.3","116.3","116.3","#N/A","#N/A","#N/A","#N/A","141.8","141.8","141.8","141.8","141.8","141.8","141.8","141.8","141.8","141.8","141.8","141.8","#N/A","#N/A","#N/A","#N/A","#N/A","169.4738","169.4738","169.4738","169.4738","169.4738","169.4738","169.4738","169.4738","169.4738","169.4738","#N/A","#N/A","#N/A","184.9","184.9","184.9","184.9","184.9","184.9","184.9","184.9","184.9","184.9","184.9","184.9","184.9","184.9","203.3","203.3","203.3","203.3","203.3","203.3","203.3","203.3","203.3","203.3","203.3","203.3","203.3","203.3","203.3","203.3","203.3","203.3","203.3","203.3","203.3","203.3","248.2","248.2","248.2","248.2","248.2","248.2","248.2","248.2","248.2","248.2","248.2","248.2","248.2","248.2","248.2","248.2","304.5","304.5","304.5","304.5","304.5","304.5","304.5","304.5"
"1952:Q2","28.6","28.6","28.6","28.6","28.6","28.6","28.6","28.6","28.6","28.6","28.6","28.6","28.6","28.6","28.6","28.6","28.6","28.6","28.6","28.6","28.6","28.6","28.6","28.6","28.6","28.6","28.6","28.6","28.6","28.6","28.6","28.6","28.6","28.6","28.6","28.6","28.6","28.6","28.6","28.6","28.6","52.9","52.9","52.9","52.9","52.9","52.9","52.9","52.9","52.9","52.9","52.9","52.9","52.9","52.9","52.9","52.9","52.9","52.9","52.9","52.9","53.1","53.1","53.1","53.1","53.1","53.1","53.1","53.1","53.1","53.1","53.1","53.1","53.1","53.1","53.1","53.1","53.1","53.1","53.1","53.1","118.4","118.4","118.4","118.4","118.4","118.4","118.4","118.4","118.4","118.4","118.4","118.4","118.4","118.4","118.4","118.4","118.4","118.4","118.4","118.4","118.4","118.4","118.4","118.4","#N/A","#N/A","#N/A","#N/A","144.3","144.3","144.3","144.3","144.3","144.3","144.3","144.3","144.3","144.3","144.3","144.3","#N/A","#N/A","#N/A","#N/A","#N/A","173.078","173.078","173.078","173.078","173.078","173.078","173.078","173.078","173.078","173.078","#N/A","#N/A","#N/A","188.9","188.9","188.9","188.9","188.9","188.9","188.9","188.9","188.9","188.9","188.9","188.9","188.9","188.9","207.6","207.6","207.6","207.6","207.6","207.6","207.6","207.6","207.6","207.6","207.6","207.6","207.6","207.6","207.6","207.6","207.6","207.6","207.6","207.6","207.6","207.6","253.5","253.5","253.5","253.5","253.5","253.5","253.5","253.5","253.4","253.4","253.4","253.4","253.4","253.4","253.4","253.4","310.8","310.8","310.8","310.8","310.8","310.8","310.8","310.8"
"1952:Q3","28.0","28.0","28.0","28.0","28.0","28.0","28.0","28.0","28.0","28.0","28.0","28.0","28.0","28.0","28.0","28.0","28.0","28.0","28.0","28.0","28.0","28.0","28.0","28.0","28.0","28.0","28.0","28.0","28.0","28.0","28.0","28.0","28.0","28.0","28.0","28.0","28.0","28.0","28.0","28.0","28.0","52.0","52.0","52.0","52.0","52.0","52.0","52.0","52.0","52.0","52.0","52.0","52.0","52.0","52.0","52.0","52.0","52.0","52.0","52.0","52.0","52.1","52.1","52.1","52.1","52.1","52.1","52.1","52.1","52.1","52.1","52.1","52.1","52.1","52.1","52.1","52.1","52.1","52.1","52.1","52.1","115.9","115.9","115.9","115.9","115.9","115.9","115.9","115.9","115.9","115.9","115.9","115.9","115.9","115.9","115.9","115.9","115.9","115.9","115.9","115.9","115.9","115.9","115.9","115.9","#N/A","#N/A","#N/A","#N/A","141.5","141.5","141.5","141.5","141.5","141.5","141.5","141.5","141.5","141.5","141.5","141.5","#N/A","#N/A","#N/A","#N/A","#N/A","168.3704","168.3704","168.3704","168.3704","168.3704","168.3704","168.3704","168.3704","168.3704","168.3704","#N/A","#N/A","#N/A","183.8","183.8","183.8","183.8","183.8","183.8","183.8","183.8","183.8","183.8","183.8","183.8","183.8","183.8","202.0","202.0","202.0","202.0","202.0","202.0","202.0","202.0","202.0","202.0","202.0","202.0","202.0","202.0","202.0","202.0","202.0","202.0","202.0","202.0","202.0","202.0","246.6","246.6","246.6","246.6","246.6","246.6","246.6","246.6","246.6","246.6","246.6","246.6","246.6","246.6","246.6","246.6","302.6","302.6","302.6","302.6","302.6","302.6","302.6","302.6"
"1952:Q4","28.8","28.8","28.8","28.8","28.8","28.8","28.8","28.8","28.8","28.8","28.8","28.8","28.8","28.8","28.8","28.8","28.8","28.8","28.8","28.8","28.8","28.8","28.8","28.8","28.8","28.8","28.8","28.8","28.8","28.8","28.8","28.8","28.8","28.8","28.8","28.8","28.8","28.8","28.8","28.8","28.8","53.0","53.0","53.0","53.0","53.0","53.0","53.0","53.0","53.0","53.0","53.0","53.0","53.0","53.0","53.0","53.0","53.0","53.0","53.0","53.0","53.2","53.2","53.2","53.2","53.2","53.2","53.2","53.2","53.2","53.2","53.2","53.2","53.2","53.2","53.2","53.2","53.2","53.2","53.2","53.2","118.4","118.4","118.4","118.4","118.4","118.4","118.4","118.4","118.4","118.4","118.4","118.4","118.4","118.4","118.4","118.4","118.4","118.4","118.4","118.4","118.4","118.4","118.4","118.4","#N/A","#N/A","#N/A","#N/A","144.5","144.5","144.5","144.5","144.5","144.5","144.5","144.5","144.5","144.5","144.5","144.5","#N/A","#N/A","#N/A","#N/A","#N/A","172.416","172.416","172.416","172.416","172.416","172.416","172.416","172.416","172.416","172.416","#N/A","#N/A","#N/A","188.1","188.1","188.1","188.1","188.1","188.1","188.1","188.1","188.1","188.1","188.1","188.1","188.1","188.1","206.7","206.7","206.7","206.7","206.7","206.7","206.7","206.7","206.7","206.7","206.7","206.7","206.7","206.7","206.7","206.7","206.7","206.7","206.7","206.7","206.7","206.7","252.4","252.4","252.4","252.4","252.4","252.4","252.4","252.4","252.4","252.4","252.4","252.4","252.4","252.4","252.4","252.4","309.6","309.6","309.6","309.6","309.6","309.6","309.6","309.6"
"1953:Q1","29.2","29.2","29.2","29.2","29.2","29.2","29.2","29.2","29.2","29.2","29.2","29.2","29.2","29.2","29.2","29.2","29.2","29.2","29.2","29.2","29.2","29.2","29.2","29.2","29.2","29.2","29.2","29.2","29.2","29.2","29.2","29.2","29.2","29.2","29.2","29.2","29.2","29.2","29.2","29.2","29.2","55.1","55.1","55.1","55.1","55.1","55.1","55.1","55.1","55.1","55.1","55.1","55.1","55.1","55.1","55.1","55.1","55.1","55.1","55.1","55.1","54.3","54.3","54.3","54.3","54.3","54.3","54.3","54.3","54.3","54.3","54.3","54.3","54.3","54.3","54.3","54.3","54.3","54.3","54.3","54.3","120.9","120.9","120.9","120.9","120.9","120.9","120.9","120.9","120.9","120.9","120.9","120.9","120.9","120.9","120.9","120.9","120.9","120.9","120.9","120.9","120.9","120.9","120.9","120.9","#N/A","#N/A","#N/A","#N/A","147.5","147.5","147.5","147.5","147.5","147.5","147.5","147.5","147.5","147.5","147.5","147.5","#N/A","#N/A","#N/A","#N/A","#N/A","176.2409","176.2409","176.2409","176.2409","176.2409","176.2409","176.2409","176.2409","176.2409","176.2409","#N/A","#N/A","#N/A","192.2","192.2","192.2","192.2","192.2","192.2","192.2","192.2","192.2","192.2","192.2","192.2","192.2","192.2","211.2","211.2","211.2","211.2","211.2","211.2","211.2","211.2","211.2","211.2","211.2","211.2","211.2","211.2","211.2","211.2","211.2","211.2","211.2","211.2","211.2","211.2","257.9","257.9","257.9","257.9","257.9","257.9","257.9","257.9","257.8","257.8","257.8","257.8","257.8","257.8","257.8","257.8","316.1","316.1","316.1","316.1","316.1","316.1","316.1","316.1"
"1953:Q2","29.1","29.1","29.1","29.1","29.1","29.1","29.1","29.1","29.1","29.1","29.1","29.1","29.1","29.1","29.1","29.1","29.1","29.1","29.1","29.1","29.1","29.1","29.1","29.1","29.1","29.1","29.1","29.1","29.1","29.1","29.1","29.1","29.1","29.1","29.1","29.1","29.1","29.1","29.1","29.1","29.1","54.2","54.2","54.2","54.2","54.2","54.2","54.2","54.2","54.2","54.2","54.2","54.2","54.2","54.2","54.2","54.2","54.2","54.2","54.2","54.2","54.3","54.3","54.3","54.3","54.3","54.3","54.3","54.3","54.3","54.3","54.3","54.3","54.3","54.3","54.3","54.3","54.3","54.3","54.3","54.3","120.9","120.9","120.9","120.9","120.9","120.9","120.9","120.9","120.9","120.9","120.9","120.9","120.9","120.9","120.9","120.9","120.9","120.9","120.9","120.9","120.9","120.9","120.9","120.9","#N/A","#N/A","#N/A","#N/A","147.5","147.5","147.5","147.5","147.5","147.5","147.5","147.5","147.5","147.5","147.5","147.5","#N/A","#N/A","#N/A","#N/A","#N/A","175.8732","175.8732","175.8732","175.8732","175.8732","175.8732","175.8732","175.8732","175.8732","175.8732","#N/A","#N/A","#N/A","191.8","191.8","191.8","191.8","191.8","191.8","191.8","191.8","191.8","191.8","191.8","191.8","191.8","191.8","210.8","210.8","210.8","210.8","210.8","210.8","210.8","210.8","210.8","210.8","210.8","210.8","210.8","210.8","210.8","210.8","210.8","210.8","210.8","210.8","210.8","210.8","257.4","257.4","257.4","257.4","257.4","257.4","257.4","257.4","257.4","257.4","257.4","257.4","257.4","257.4","257.4","257.4","315.7","315.7","315.7","315.7","315.7","315.7","315.7","315.7"
"1953:Q3","29.9","29.9","29.9","29.9","29.9","29.9","29.9","29.9","29.9","29.9","29.9","29.9","29.9","29.9","29.9","29.9","29.9","29.9","29.9","29.9","29.9","29.9","29.9","29.9","29.9","29.9","29.9","29.9","29.9","29.9","29.9","29.9","29.9","29.9","29.9","29.9","29.9","29.9","29.9","29.9","29.9","55.5","55.5","55.5","55.5","55.5","55.5","55.5","55.5","55.5","55.5","55.5","55.5","55.5","55.5","55.5","55.5","55.5","55.5","55.5","55.5","55.6","55.6","55.6","55.6","55.6","55.6","55.6","55.6","55.6","55.6","55.6","55.6","55.6","55.6","55.6","55.6","55.6","55.6","55.6","55.6","123.9","123.9","123.9","123.9","123.9","123.9","123.9","123.9","123.9","123.9","123.9","123.9","123.9","123.9","123.9","123.9","123.9","123.9","123.9","123.9","123.9","123.9","123.9","123.9","#N/A","#N/A","#N/A","#N/A","151.0","151.0","151.0","151.0","151.0","151.0","151.0","151.0","151.0","151.0","151.0","151.0","#N/A","#N/A","#N/A","#N/A","#N/A","180.5808","180.5808","180.5808","180.5808","180.5808","180.5808","180.5808","180.5808","180.5808","180.5808","#N/A","#N/A","#N/A","197.0","197.0","197.0","197.0","197.0","197.0","197.0","197.0","197.0","197.0","197.0","197.0","197.0","197.0","216.5","216.5","216.5","216.5","216.5","216.5","216.5","216.5","216.5","216.5","216.5","216.5","216.5","216.5","216.5","216.5","216.5","216.5","216.5","216.5","216.5","216.5","264.3","264.3","264.3","264.3","264.3","264.3","264.3","264.3","264.3","264.3","264.3","264.3","264.3","264.3","264.3","264.3","324.0","324.0","324.0","324.0","324.0","324.0","324.0","324.0"
"1953:Q4","30.5","30.5","30.5","30.5","30.5","30.5","30.5","30.5","30.5","30.5","30.5","30.5","30.5","30.5","30.5","30.5","30.5","30.5","30.5","30.5","30.5","30.5","30.5","30.5","30.5","30.5","30.5","30.5","30.5","30.5","30.5","30.5","30.5","30.5","30.5","30.5","30.5","30.5","30.5","30.5","30.5","56.8","56.8","56.8","56.8","56.8","56.8","56.8","56.8","56.8","56.8","56.8","56.8","56.8","56.8","56.8","56.8","56.8","56.8","56.8","56.8","56.9","56.9","56.9","56.9","56.9","56.9","56.9","56.9","56.9","56.9","56.9","56.9","56.9","56.9","56.9","56.9","56.9","56.9","56.9","56.9","126.8","126.8","126.8","126.8","126.8","126.8","126.8","126.8","126.8","126.8","126.8","126.8","126.8","126.8","126.8","126.8","126.8","126.8","126.8","126.8","126.8","126.8","126.8","126.8","#N/A","#N/A","#N/A","#N/A","154.3","154.3","154.3","154.3","154.3","154.3","154.3","154.3","154.3","154.3","154.3","154.3","#N/A","#N/A","#N/A","#N/A","#N/A","184.9941","184.9941","184.9941","184.9941","184.9941","184.9941","184.9941","184.9941","184.9941","184.9941","#N/A","#N/A","#N/A","201.8","201.8","201.8","201.8","201.8","201.8","201.8","201.8","201.8","201.8","201.8","201.8","201.8","201.8","221.7","221.7","221.7","221.7","221.7","221.7","221.7","221.7","221.7","221.7","221.7","221.7","221.7","221.7","221.7","221.7","221.7","221.7","221.7","221.7","221.7","221.7","270.7","270.7","270.7","270.7","270.7","270.7","270.7","270.7","270.7","270.7","270.7","270.7","270.7","270.7","270.7","270.7","331.7","331.7","331.7","331.7","331.7","331.7","331.7","331.7"
"1954:Q1","31.4","31.4","31.4","31.4","31.4","31.4","31.4","31.4","31.4","31.4","31.4","31.4","31.4","31.4","31.4","31.4","31.4","31.4","31.4","31.4","31.4","31.4","31.4","31.4","31.4","31.4","31.4","31.4","31.4","31.4","31.4","31.4","31.4","31.4","31.4","31.4","31.4","31.4","31.4","31.4","31.4","58.5","58.5","58.5","58.5","58.5","58.5","58.5","58.5","58.5","58.5","58.5","58.5","58.5","58.5","58.5","58.5","58.5","58.5","58.5","58.5","58.7","58.7","58.7","58.7","58.7","58.7","58.7","58.7","58.7","58.7","58.7","58.7","58.7","58.7","58.7","58.7","58.7","58.7","58.7","58.7","130.9","130.9","130.9","130.9","130.9","130.9","130.9","130.9","130.9","130.9","130.9","130.9","130.9","130.9","130.9","130.9","130.9","130.9","130.9","130.9","130.9","130.9","130.9","130.9","#N/A","#N/A","#N/A","#N/A","159.2","159.2","159.2","159.2","159.2","159.2","159.2","159.2","159.2","159.2","159.2","159.2","#N/A","#N/A","#N/A","#N/A","#N/A","191.6142","191.6142","191.6142","191.6142","191.6142","191.6142","191.6142","191.6142","191.6142","191.6142","#N/A","#N/A","#N/A","208.8","208.8","208.8","208.8","208.8","208.8","208.8","208.8","208.8","208.8","208.8","208.8","208.8","208.8","229.7","229.7","229.7","229.7","229.7","229.7","229.7","229.7","229.7","229.7","229.7","229.7","229.7","229.7","229.7","229.7","229.7","229.7","229.7","229.7","229.7","229.7","280.4","280.4","280.4","280.4","280.4","280.4","280.4","280.4","280.4","280.4","280.4","280.4","280.4","280.4","280.4","280.4","343.5","343.5","343.5","343.5","343.5","343.5","343.5","343.5"
"1954:Q2","31.6","31.6","31.6","31.6","31.6","31.6","31.6","31.6","31.6","31.6","31.6","31.6","31.6","31.6","31.6","31.6","31.6","31.6","31.6","31.6","31.6","31.6","31.6","31.6","31.6","31.6","31.6","31.6","31.6","31.6","31.6","31.6","31.6","31.6","31.6","31.6","31.6","31.6","31.6","31.6","31.6","58.9","58.9","58.9","58.9","58.9","58.9","58.9","58.9","58.9","58.9","58.9","58.9","58.9","58.9","58.9","58.9","58.9","58.9","58.9","58.9","59.0","59.0","59.0","59.0","59.0","59.0","59.0","59.0","59.0","59.0","59.0","59.0","59.0","59.0","59.0","59.0","59.0","59.0","59.0","59.0","131.5","131.5","131.5","131.5","131.5","131.5","131.5","131.5","131.5","131.5","131.5","131.5","131.5","131.5","131.5","131.5","131.5","131.5","131.5","131.5","131.5","131.5","131.5","131.5","#N/A","#N/A","#N/A","#N/A","159.9","159.9","159.9","159.9","159.9","159.9","159.9","159.9","159.9","159.9","159.9","159.9","#N/A","#N/A","#N/A","#N/A","#N/A","192.2762","192.2762","192.2762","192.2762","192.2762","192.2762","192.2762","192.2762","192.2762","192.2762","#N/A","#N/A","#N/A","209.6","209.6","209.6","209.6","209.6","209.6","209.6","209.6","209.6","209.6","209.6","209.6","209.6","209.6","230.6","230.6","230.6","230.6","230.6","230.6","230.6","230.6","230.6","230.6","230.6","230.6","230.6","230.6","230.6","230.6","230.6","230.6","230.6","230.6","230.6","230.6","281.5","281.5","281.5","281.5","281.5","281.5","281.5","281.5","281.5","281.5","281.5","281.5","281.5","281.5","281.5","281.5","344.9","344.9","344.9","344.9","344.9","344.9","344.9","344.9"
"1954:Q3","32.6","32.6","32.6","32.6","32.6","32.6","32.6","32.6","32.6","32.6","32.6","32.6","32.6","32.6","32.6","32.6","32.6","32.6","32.6","32.6","32.6","32.6","32.6","32.6","32.6","32.6","32.6","32.6","32.6","32.6","32.6","32.6","32.6","32.6","32.6","32.6","32.6","32.6","32.6","32.6","32.6","60.4","60.4","60.4","60.4","60.4","60.4","60.4","60.4","60.4","60.4","60.4","60.4","60.4","60.4","60.4","60.4","60.4","60.4","60.4","60.4","60.6","60.6","60.6","60.6","60.6","60.6","60.6","60.6","60.6","60.6","60.6","60.6","60.6","60.6","60.6","60.6","60.6","60.6","60.6","60.6","135.1","135.1","135.1","135.1","135.1","135.1","135.1","135.1","135.1","135.1","135.1","135.1","135.1","135.1","135.1","135.1","135.1","135.1","135.1","135.1","135.1","135.1","135.1","135.1","#N/A","#N/A","#N/A","#N/A","163.9","163.9","163.9","163.9","163.9","163.9","163.9","163.9","163.9","163.9","163.9","163.9","#N/A","#N/A","#N/A","#N/A","#N/A","197.7194","197.7194","197.7194","197.7194","197.7194","197.7194","197.7194","197.7194","197.7194","197.7194","#N/A","#N/A","#N/A","215.6","215.6","215.6","215.6","215.6","215.6","215.6","215.6","215.6","215.6","215.6","215.6","215.6","215.6","237.0","237.0","237.0","237.0","237.0","237.0","237.0","237.0","237.0","237.0","237.0","237.0","237.0","237.0","237.0","237.0","237.0","237.0","237.0","237.0","237.0","237.0","289.3","289.3","289.3","289.3","289.3","289.3","289.3","289.3","289.4","289.4","289.4","289.4","289.4","289.4","289.4","289.4","354.3","354.3","354.3","354.3","354.3","354.3","354.3","354.3"
"1954:Q4","32.7","32.7","32.7","32.7","32.7","32.7","32.7","32.7","32.7","32.7","32.7","32.7","32.7","32.7","32.7","32.7","32.7","32.7","32.7","32.7","32.7","32.7","32.7","32.7","32.7","32.7","32.7","32.7","32.7","32.7","32.7","32.7","32.7","32.7","32.7","32.7","32.7","32.7","32.7","32.7","32.7","60.8","60.8","60.8","60.8","60.8","60.8","60.8","60.8","60.8","60.8","60.8","60.8","60.8","60.8","60.8","60.8","60.8","60.8","60.8","60.8","60.9","60.9","60.9","60.9","60.9","60.9","60.9","60.9","60.9","60.9","60.9","60.9","60.9","60.9","60.9","60.9","60.9","60.9","60.9","60.9","136.0","136.0","136.0","136.0","136.0","136.0","136.0","136.0","136.0","136.0","136.0","136.0","136.0","136.0","136.0","136.0","136.0","136.0","136.0","136.0","136.0","136.0","136.0","136.0","#N/A","#N/A","#N/A","#N/A","164.8","164.8","164.8","164.8","164.8","164.8","164.8","164.8","164.8","164.8","164.8","164.8","#N/A","#N/A","#N/A","#N/A","#N/A","198.6756","198.6756","198.6756","198.6756","198.6756","198.6756","198.6756","198.6756","198.6756","198.6756","#N/A","#N/A","#N/A","216.5","216.5","216.5","216.5","216.5","216.5","216.5","216.5","216.5","216.5","216.5","216.5","216.5","216.5","238.1","238.1","238.1","238.1","238.1","238.1","238.1","238.1","238.1","238.1","238.1","238.1","238.1","238.1","238.1","238.1","238.1","238.1","238.1","238.1","238.1","238.1","290.7","290.7","290.7","290.7","290.7","290.7","290.7","290.7","290.7","290.7","290.7","290.7","290.7","290.7","290.7","290.7","356.0","356.0","356.0","356.0","356.0","356.0","356.0","356.0"
"1955:Q1","34.0","34.0","34.0","34.0","34.0","34.0","34.0","34.0","34.0","34.0","34.0","34.0","34.0","34.0","34.0","34.0","34.0","34.0","34.0","34.0","34.0","34.0","34.0","34.0","34.0","34.0","34.0","34.0","34.0","34.0","34.0","34.0","34.0","34.0","34.0","34.0","34.0","34.0","34.0","34.0","34.0","63.1","63.1","63.1","63.1","63.1","63.1","63.1","63.1","63.1","63.1","63.1","63.1","63.1","63.1","63.1","63.1","63.1","63.1","63.1","63.1","63.3","63.3","63.3","63.3","63.3","63.3","63.3","63.3","63.3","63.3","63.3","63.3","63.3","63.3","63.3","63.3","63.3","63.3","63.3","63.3","141.5","141.5","141.5","141.5","141.5","141.5","141.5","141.5","141.5","141.5","141.5","141.5","141.5","141.5","141.5","141.5","141.5","141.5","141.5","141.5","141.5","141.5","141.5","141.5","#N/A","#N/A","#N/A","#N/A","170.9","170.9","170.9","170.9","170.9","170.9","170.9","170.9","170.9","170.9","170.9","170.9","#N/A","#N/A","#N/A","#N/A","#N/A","207.1346","207.1346","207.1346","207.1346","207.1346","207.1346","207.1346","207.1346","207.1346","207.1346","#N/A","#N/A","#N/A","225.8","225.8","225.8","225.8","225.8","225.8","225.8","225.8","225.8","225.8","225.8","225.8","225.8","225.8","248.1","248.1","248.1","248.1","248.1","248.1","248.1","248.1","248.1","248.1","248.1","248.1","248.1","248.1","248.1","248.1","248.1","248.1","248.1","248.1","248.1","248.1","302.9","302.9","302.9","302.9","302.9","302.9","302.9","302.9","302.9","302.9","302.9","302.9","302.9","302.9","302.9","302.9","370.7","370.7","370.7","370.7","370.7","370.7","370.7","370.7"
"1955:Q2","34.4","34.4","34.4","34.4","34.4","34.4","34.4","34.4","34.4","34.4","34.4","34.4","34.4","34.4","34.4","34.4","34.4","34.4","34.4","34.4","34.4","34.4","34.4","34.4","34.4","34.4","34.4","34.4","34.4","34.4","34.4","34.4","34.4","34.4","34.4","34.4","34.4","34.4","34.4","34.4","34.4","64.0","64.0","64.0","64.0","64.0","64.0","64.0","64.0","64.0","64.0","64.0","64.0","64.0","64.0","64.0","64.0","64.0","64.0","64.0","64.0","64.1","64.1","64.1","64.1","64.1","64.1","64.1","64.1","64.1","64.1","64.1","64.1","64.1","64.1","64.1","64.1","64.1","64.1","64.1","64.1","143.6","143.6","143.6","143.6","143.6","143.6","143.6","143.6","143.6","143.6","143.6","143.6","143.6","143.6","143.6","143.6","143.6","143.6","143.6","143.6","143.6","143.6","143.6","143.6","#N/A","#N/A","#N/A","#N/A","173.0","173.0","173.0","173.0","173.0","173.0","173.0","173.0","173.0","173.0","173.0","173.0","#N/A","#N/A","#N/A","#N/A","#N/A","210.0033","210.0033","210.0033","210.0033","210.0033","210.0033","210.0033","210.0033","210.0033","210.0033","#N/A","#N/A","#N/A","228.8","228.8","228.8","228.8","228.8","228.8","228.8","228.8","228.8","228.8","228.8","228.8","228.8","228.8","251.3","251.3","251.3","251.3","251.3","251.3","251.3","251.3","251.3","251.3","251.3","251.3","251.3","251.3","251.3","251.3","251.3","251.3","251.3","251.3","251.3","251.3","306.9","306.9","306.9","306.9","306.9","306.9","306.9","306.9","306.9","306.9","306.9","306.9","306.9","306.9","306.9","306.9","375.5","375.5","375.5","375.5","375.5","375.5","375.5","375.5"
"1955:Q3","34.5","34.5","34.5","34.5","34.5","34.5","34.5","34.5","34.5","34.5","34.5","34.5","34.5","34.5","34.5","34.5","34.5","34.5","34.5","34.5","34.5","34.5","34.5","34.5","34.5","34.5","34.5","34.5","34.5","34.5","34.5","34.5","34.5","34.5","34.5","34.5","34.5","34.5","34.5","34.5","34.5","64.1","64.1","64.1","64.1","64.1","64.1","64.1","64.1","64.1","64.1","64.1","64.1","64.1","64.1","64.1","64.1","64.1","64.1","64.1","64.1","64.3","64.3","64.3","64.3","64.3","64.3","64.3","64.3","64.3","64.3","64.3","64.3","64.3","64.3","64.3","64.3","64.3","64.3","64.3","64.3","143.8","143.8","143.8","143.8","143.8","143.8","143.8","143.8","143.8","143.8","143.8","143.8","143.8","143.8","143.8","143.8","143.8","143.8","143.8","143.8","143.8","143.8","143.8","143.8","#N/A","#N/A","#N/A","#N/A","173.3","173.3","173.3","173.3","173.3","173.3","173.3","173.3","173.3","173.3","173.3","173.3","#N/A","#N/A","#N/A","#N/A","#N/A","209.5619","209.5619","209.5619","209.5619","209.5619","209.5619","209.5619","209.5619","209.5619","209.5619","#N/A","#N/A","#N/A","228.5","228.5","228.5","228.5","228.5","228.5","228.5","228.5","228.5","228.5","228.5","228.5","228.5","228.5","250.9","250.9","250.9","250.9","250.9","250.9","250.9","250.9","250.9","250.9","250.9","250.9","250.9","250.9","250.9","250.9","250.9","250.9","250.9","250.9","250.9","250.9","306.4","306.4","306.4","306.4","306.4","306.4","306.4","306.4","306.4","306.4","306.4","306.4","306.4","306.4","306.4","306.4","375.0","375.0","375.0","375.0","375.0","375.0","375.0","375.0"
"1955:Q4","34.8","34.8","34.8","34.8","34.8","34.8","34.8","34.8","34.8","34.8","34.8","34.8","34.8","34.8","34.8","34.8","34.8","34.8","34.8","34.8","34.8","34.8","34.8","34.8","34.8","34.8","34.8","34.8","34.8","34.8","34.8","34.8","34.8","34.8","34.8","34.8","34.8","34.8","34.8","34.8","34.8","64.6","64.6","64.6","64.6","64.6","64.6","64.6","64.6","64.6","64.6","64.6","64.6","64.6","64.6","64.6","64.6","64.6","64.6","64.6","64.6","64.8","64.8","64.8","64.8","64.8","64.8","64.8","64.8","64.8","64.8","64.8","64.8","64.8","64.8","64.8","64.8","64.8","64.8","64.8","64.8","144.9","144.9","144.9","144.9","144.9","144.9","144.9","144.9","144.9","144.9","144.9","144.9","144.9","144.9","144.9","144.9","144.9","144.9","144.9","144.9","144.9","144.9","144.9","144.9","#N/A","#N/A","#N/A","#N/A","174.6","174.6","174.6","174.6","174.6","174.6","174.6","174.6","174.6","174.6","174.6","174.6","#N/A","#N/A","#N/A","#N/A","#N/A","210.7389","210.7389","210.7389","210.7389","210.7389","210.7389","210.7389","210.7389","210.7389","210.7389","#N/A","#N/A","#N/A","229.7","229.7","229.7","229.7","229.7","229.7","229.7","229.7","229.7","229.7","229.7","229.7","229.7","229.7","252.4","252.4","252.4","252.4","252.4","252.4","252.4","252.4","252.4","252.4","252.4","252.4","252.4","252.4","252.4","252.4","252.4","252.4","252.4","252.4","252.4","252.4","308.2","308.2","308.2","308.2","308.2","308.2","308.2","308.2","308.2","308.2","308.2","308.2","308.2","308.2","308.2","308.2","377.3","377.3","377.3","377.3","377.3","377.3","377.3","377.3"
"1956:Q1","35.2","35.2","35.2","35.2","35.2","35.2","35.2","35.2","35.2","35.2","35.2","35.2","35.2","35.2","35.2","35.2","35.2","35.2","35.2","35.2","35.2","35.2","35.2","35.2","35.2","35.2","35.2","35.2","35.2","35.2","35.2","35.2","35.2","35.2","35.2","35.2","35.2","35.2","35.2","35.2","35.2","65.3","65.3","65.3","65.3","65.3","65.3","65.3","65.3","65.3","65.3","65.3","65.3","65.3","65.3","65.3","65.3","65.3","65.3","65.3","65.3","65.5","65.5","65.5","65.5","65.5","65.5","65.5","65.5","65.5","65.5","65.5","65.5","65.5","65.5","65.5","65.5","65.5","65.5","65.5","65.5","146.1","146.1","146.1","146.1","146.1","146.1","146.1","146.1","146.1","146.1","146.1","146.1","146.1","146.1","146.1","146.1","146.1","146.1","146.1","146.1","146.1","146.1","146.1","146.1","#N/A","#N/A","#N/A","#N/A","176.3","176.3","176.3","176.3","176.3","176.3","176.3","176.3","176.3","176.3","176.3","176.3","#N/A","#N/A","#N/A","#N/A","#N/A","212.9455","212.9455","212.9455","212.9455","212.9455","212.9455","212.9455","212.9455","212.9455","212.9455","#N/A","#N/A","#N/A","232.0","232.0","232.0","232.0","232.0","232.0","232.0","232.0","232.0","232.0","232.0","232.0","232.0","232.0","255.2","255.2","255.2","255.2","255.2","255.2","255.2","255.2","255.2","255.2","255.2","255.2","255.2","255.2","255.2","255.2","255.2","255.2","255.2","255.2","255.2","255.2","311.5","311.5","311.5","311.5","311.5","311.5","311.5","311.5","311.5","311.5","311.5","311.5","311.5","311.5","311.5","311.5","381.3","381.3","381.3","381.3","381.3","381.3","381.3","381.3"
"1956:Q2","35.5","35.5","35.5","35.5","35.5","35.5","35.5","35.5","35.5","35.5","35.5","35.5","35.5","35.5","35.5","35.5","35.5","35.5","35.5","35.5","35.5","35.5","35.5","35.5","35.5","35.5","35.5","35.5","35.5","35.5","35.5","35.5","35.5","35.5","35.5","35.5","35.5","35.5","35.5","35.5","35.5","66.3","66.3","66.3","66.3","66.3","66.3","66.3","66.3","66.3","66.3","66.3","66.3","66.3","66.3","66.3","66.3","66.3","66.3","66.3","66.3","66.5","66.5","66.5","66.5","66.5","66.5","66.5","66.5","66.5","66.5","66.5","66.5","66.5","66.5","66.5","66.5","66.5","66.5","66.5","66.5","148.0","148.0","148.0","148.0","148.0","148.0","148.0","148.0","148.0","148.0","148.0","148.0","148.0","148.0","148.0","148.0","148.0","148.0","148.0","148.0","148.0","148.0","148.0","148.0","#N/A","#N/A","#N/A","#N/A","178.7","178.7","178.7","178.7","178.7","178.7","178.7","178.7","178.7","178.7","178.7","178.7","#N/A","#N/A","#N/A","#N/A","#N/A","215.4465","215.4465","215.4465","215.4465","215.4465","215.4465","215.4465","215.4465","215.4465","215.4465","#N/A","#N/A","#N/A","234.8","234.8","234.8","234.8","234.8","234.8","234.8","234.8","234.8","234.8","234.8","234.8","234.8","234.8","258.3","258.3","258.3","258.3","258.3","258.3","258.3","258.3","258.3","258.3","258.3","258.3","258.3","258.3","258.3","258.3","258.3","258.3","258.3","258.3","258.3","258.3","315.3","315.3","315.3","315.3","315.3","315.3","315.3","315.3","315.3","315.3","315.3","315.3","315.3","315.3","315.3","315.3","386.1","386.1","386.1","386.1","386.1","386.1","386.1","386.1"
"1956:Q3","35.6","35.6","35.6","35.6","35.6","35.6","35.6","35.6","35.6","35.6","35.6","35.6","35.6","35.6","35.6","35.6","35.6","35.6","35.6","35.6","35.6","35.6","35.6","35.6","35.6","35.6","35.6","35.6","35.6","35.6","35.6","35.6","35.6","35.6","35.6","35.6","35.6","35.6","35.6","35.6","35.6","66.7","66.7","66.7","66.7","66.7","66.7","66.7","66.7","66.7","66.7","66.7","66.7","66.7","66.7","66.7","66.7","66.7","66.7","66.7","66.7","66.9","66.9","66.9","66.9","66.9","66.9","66.9","66.9","66.9","66.9","66.9","66.9","66.9","66.9","66.9","66.9","66.9","66.9","66.9","66.9","148.8","148.8","148.8","148.8","148.8","148.8","148.8","148.8","148.8","148.8","148.8","148.8","148.8","148.8","148.8","148.8","148.8","148.8","148.8","148.8","148.8","148.8","148.8","148.8","#N/A","#N/A","#N/A","#N/A","180.0","180.0","180.0","180.0","180.0","180.0","180.0","180.0","180.0","180.0","180.0","180.0","#N/A","#N/A","#N/A","#N/A","#N/A","216.6234","216.6234","216.6234","216.6234","216.6234","216.6234","216.6234","216.6234","216.6234","216.6234","#N/A","#N/A","#N/A","236.0","236.0","236.0","236.0","236.0","236.0","236.0","236.0","236.0","236.0","236.0","236.0","236.0","236.0","259.5","259.5","259.5","259.5","259.5","259.5","259.5","259.5","259.5","259.5","259.5","259.5","259.5","259.5","259.5","259.5","259.5","259.5","259.5","259.5","259.5","259.5","316.9","316.9","316.9","316.9","316.9","316.9","316.9","316.9","316.9","316.9","316.9","316.9","316.9","316.9","316.9","316.9","388.0","388.0","388.0","388.0","388.0","388.0","388.0","388.0"
"1956:Q4","35.8","35.8","35.8","35.8","35.8","35.8","35.8","35.8","35.8","35.8","35.8","35.8","35.8","35.8","35.8","35.8","35.8","35.8","35.8","35.8","35.8","35.8","35.8","35.8","35.8","35.8","35.8","35.8","35.8","35.8","35.8","35.8","35.8","35.8","35.8","35.8","35.8","35.8","35.8","35.8","35.8","67.4","67.4","67.4","67.4","67.4","67.4","67.4","67.4","67.4","67.4","67.4","67.4","67.4","67.4","67.4","67.4","67.4","67.4","67.4","67.4","67.6","67.6","67.6","67.6","67.6","67.6","67.6","67.6","67.6","67.6","67.6","67.6","67.6","67.6","67.6","67.6","67.6","67.6","67.6","67.6","150.4","150.4","150.4","150.4","150.4","150.4","150.4","150.4","150.4","150.4","150.4","150.4","150.4","150.4","150.4","150.4","150.4","150.4","150.4","150.4","150.4","150.4","150.4","150.4","#N/A","#N/A","#N/A","#N/A","181.8","181.8","181.8","181.8","181.8","181.8","181.8","181.8","181.8","181.8","181.8","181.8","#N/A","#N/A","#N/A","#N/A","#N/A","218.7565","218.7565","218.7565","218.7565","218.7565","218.7565","218.7565","218.7565","218.7565","218.7565","#N/A","#N/A","#N/A","238.4","238.4","238.4","238.4","238.4","238.4","238.4","238.4","238.4","238.4","238.4","238.4","238.4","238.4","262.2","262.2","262.2","262.2","262.2","262.2","262.2","262.2","262.2","262.2","262.2","262.2","262.2","262.2","262.2","262.2","262.2","262.2","262.2","262.2","262.2","262.2","320.1","320.1","320.1","320.1","320.1","320.1","320.1","320.1","320.1","320.1","320.1","320.1","320.1","320.1","320.1","320.1","392.0","392.0","392.0","392.0","392.0","392.0","392.0","392.0"
"1957:Q1","36.9","36.9","36.9","36.9","36.9","36.9","36.9","36.9","36.9","36.9","36.9","36.9","36.9","36.9","36.9","36.9","36.9","36.9","36.9","36.9","36.9","36.9","36.9","36.9","36.9","36.9","36.9","36.9","36.9","36.9","36.9","36.9","36.9","36.9","36.9","36.9","36.9","36.9","36.9","36.9","36.9","69.0","69.0","69.0","69.0","69.0","69.0","69.0","69.0","69.0","69.0","69.0","69.0","69.0","69.0","69.0","69.0","69.0","69.0","69.0","69.0","69.2","69.2","69.2","69.2","69.2","69.2","69.2","69.2","69.2","69.2","69.2","69.2","69.2","69.2","69.2","69.2","69.2","69.2","69.2","69.2","153.8","153.8","153.8","153.8","153.8","153.8","153.8","153.8","153.8","153.8","153.8","153.8","153.8","153.8","153.8","153.8","153.8","153.8","153.8","153.8","153.8","153.8","153.8","153.8","#N/A","#N/A","#N/A","#N/A","185.7","185.7","185.7","185.7","185.7","185.7","185.7","185.7","185.7","185.7","185.7","185.7","#N/A","#N/A","#N/A","#N/A","#N/A","224.2732","224.2732","224.2732","224.2732","224.2732","224.2732","224.2732","224.2732","224.2732","224.2732","#N/A","#N/A","#N/A","244.2","244.2","244.2","244.2","244.2","244.2","244.2","244.2","244.2","244.2","244.2","244.2","244.2","244.2","268.8","268.8","268.8","268.8","268.8","268.8","268.8","268.8","268.8","268.8","268.8","268.8","268.8","268.8","268.8","268.8","268.8","268.8","268.8","268.8","268.8","268.8","328.2","328.2","328.2","328.2","328.2","328.2","328.2","328.2","328.2","328.2","328.2","328.2","328.2","328.2","328.2","328.2","401.6","401.6","401.6","401.6","401.6","401.6","401.6","401.6"
"1957:Q2","37.2","37.2","37.2","37.2","37.2","37.2","37.2","37.2","37.2","37.2","37.2","37.2","37.2","37.2","37.2","37.2","37.2","37.2","37.2","37.2","37.2","37.2","37.2","37.2","37.2","37.2","37.2","37.2","37.2","37.2","37.2","37.2","37.2","37.2","37.2","37.2","37.2","37.2","37.2","37.2","37.2","69.6","69.6","69.6","69.6","69.6","69.6","69.6","69.6","69.6","69.6","69.6","69.6","69.6","69.6","69.6","69.6","69.6","69.6","69.6","69.6","69.8","69.8","69.8","69.8","69.8","69.8","69.8","69.8","69.8","69.8","69.8","69.8","69.8","69.8","69.8","69.8","69.8","69.8","69.8","69.8","155.2","155.2","155.2","155.2","155.2","155.2","155.2","155.2","155.2","155.2","155.2","155.2","155.2","155.2","155.2","155.2","155.2","155.2","155.2","155.2","155.2","155.2","155.2","155.2","#N/A","#N/A","#N/A","#N/A","187.2","187.2","187.2","187.2","187.2","187.2","187.2","187.2","187.2","187.2","187.2","187.2","#N/A","#N/A","#N/A","#N/A","#N/A","226.1121","226.1121","226.1121","226.1121","226.1121","226.1121","226.1121","226.1121","226.1121","226.1121","#N/A","#N/A","#N/A","246.4","246.4","246.4","246.4","246.4","246.4","246.4","246.4","246.4","246.4","246.4","246.4","246.4","246.4","271.1","271.1","271.1","271.1","271.1","271.1","271.1","271.1","271.1","271.1","271.1","271.1","271.1","271.1","271.1","271.1","271.1","271.1","271.1","271.1","271.1","271.1","330.9","330.9","330.9","330.9","330.9","330.9","330.9","330.9","331.0","331.0","331.0","331.0","331.0","331.0","331.0","331.0","405.0","405.0","405.0","405.0","405.0","405.0","405.0","405.0"
"1957:Q3","37.8","37.8","37.8","37.8","37.8","37.8","37.8","37.8","37.8","37.8","37.8","37.8","37.8","37.8","37.8","37.8","37.8","37.8","37.8","37.8","37.8","37.8","37.8","37.8","37.8","37.8","37.8","37.8","37.8","37.8","37.8","37.8","37.8","37.8","37.8","37.8","37.8","37.8","37.8","37.8","37.8","70.6","70.6","70.6","70.6","70.6","70.6","70.6","70.6","70.6","70.6","70.6","70.6","70.6","70.6","70.6","70.6","70.6","70.6","70.6","70.6","70.8","70.8","70.8","70.8","70.8","70.8","70.8","70.8","70.8","70.8","70.8","70.8","70.8","70.8","70.8","70.8","70.8","70.8","70.8","70.8","157.6","157.6","157.6","157.6","157.6","157.6","157.6","157.6","157.6","157.6","157.6","157.6","157.6","157.6","157.6","157.6","157.6","157.6","157.6","157.6","157.6","157.6","157.6","157.6","#N/A","#N/A","#N/A","#N/A","189.9","189.9","189.9","189.9","189.9","189.9","189.9","189.9","189.9","189.9","189.9","189.9","#N/A","#N/A","#N/A","#N/A","#N/A","229.3486","229.3486","229.3486","229.3486","229.3486","229.3486","229.3486","229.3486","229.3486","229.3486","#N/A","#N/A","#N/A","249.8","249.8","249.8","249.8","249.8","249.8","249.8","249.8","249.8","249.8","249.8","249.8","249.8","249.8","274.9","274.9","274.9","274.9","274.9","274.9","274.9","274.9","274.9","274.9","274.9","274.9","274.9","274.9","274.9","274.9","274.9","274.9","274.9","274.9","274.9","274.9","335.6","335.6","335.6","335.6","335.6","335.6","335.6","335.6","335.6","335.6","335.6","335.6","335.6","335.6","335.6","335.6","410.8","410.8","410.8","410.8","410.8","410.8","410.8","410.8"
"1957:Q4","38.5","38.5","38.5","38.5","38.5","38.5","38.5","38.5","38.5","38.5","38.5","38.5","38.5","38.5","38.5","38.5","38.5","38.5","38.5","38.5","38.5","38.5","38.5","38.5","38.5","38.5","38.5","38.5","38.5","38.5","38.5","38.5","38.5","38.5","38.5","38.5","38.5","38.5","38.5","38.5","38.5","72.2","72.2","72.2","72.2","72.2","72.2","72.2","72.2","72.2","72.2","72.2","72.2","72.2","72.2","72.2","72.2","72.2","72.2","72.2","72.2","72.5","72.5","72.5","72.5","72.5","72.5","72.5","72.5","72.5","72.5","72.5","72.5","72.5","72.5","72.5","72.5","72.5","72.5","72.5","72.5","161.3","161.3","161.3","161.3","161.3","161.3","161.3","161.3","161.3","161.3","161.3","161.3","161.3","161.3","161.3","161.3","161.3","161.3","161.3","161.3","161.3","161.3","161.3","161.3","#N/A","#N/A","#N/A","#N/A","194.0","194.0","194.0","194.0","194.0","194.0","194.0","194.0","194.0","194.0","194.0","194.0","#N/A","#N/A","#N/A","#N/A","#N/A","235.086","235.086","235.086","235.086","235.086","235.086","235.086","235.086","235.086","235.086","#N/A","#N/A","#N/A","256.0","256.0","256.0","256.0","256.0","256.0","256.0","256.0","256.0","256.0","256.0","256.0","256.0","256.0","281.7","281.7","281.7","281.7","281.7","281.7","281.7","281.7","281.7","281.7","281.7","281.7","281.7","281.7","281.7","281.7","281.7","281.7","281.7","281.7","281.7","281.7","344.0","344.0","344.0","344.0","344.0","344.0","344.0","344.0","344.0","344.0","344.0","344.0","344.0","344.0","344.0","344.0","420.9","420.9","420.9","420.9","420.9","420.9","420.9","420.9"
"1958:Q1","39.6","39.6","39.6","39.6","39.6","39.6","39.6","39.6","39.6","39.6","39.6","39.6","39.6","39.6","39.6","39.6","39.6","39.6","39.6","39.6","39.6","39.6","39.6","39.6","39.6","39.6","39.6","39.6","39.6","39.6","39.6","39.6","39.6","39.6","39.6","39.6","39.6","39.6","39.6","39.6","39.6","74.0","74.0","74.0","74.0","74.0","74.0","74.0","74.0","74.0","74.0","74.0","74.0","74.0","74.0","74.0","74.0","74.0","74.0","74.0","74.0","74.2","74.2","74.2","74.2","74.2","74.2","74.2","74.2","74.2","74.2","74.2","74.2","74.2","74.2","74.2","74.2","74.2","74.2","74.2","74.2","165.7","165.7","165.7","165.7","165.7","165.7","165.7","165.7","165.7","165.7","165.7","165.7","165.7","165.7","165.7","165.7","165.7","165.7","165.7","165.7","165.7","165.7","165.7","165.7","#N/A","#N/A","#N/A","#N/A","198.8","198.8","198.8","198.8","198.8","198.8","198.8","198.8","198.8","198.8","198.8","198.8","#N/A","#N/A","#N/A","#N/A","#N/A","241.6325","241.6325","241.6325","241.6325","241.6325","241.6325","241.6325","241.6325","241.6325","241.6325","#N/A","#N/A","#N/A","263.2","263.2","263.2","263.2","263.2","263.2","263.2","263.2","263.2","263.2","263.2","263.2","263.2","263.2","289.7","289.7","289.7","289.7","289.7","289.7","289.7","289.7","289.7","289.7","289.7","289.7","289.7","289.7","289.7","289.7","289.7","289.7","289.7","289.7","289.7","289.7","353.7","353.7","353.7","353.7","353.7","353.7","353.7","353.7","353.7","353.7","353.7","353.7","353.7","353.7","353.7","353.7","432.6","432.6","432.6","432.6","432.6","432.6","432.6","432.6"
"1958:Q2","40.1","40.1","40.1","40.1","40.1","40.1","40.1","40.1","40.1","40.1","40.1","40.1","40.1","40.1","40.1","40.1","40.1","40.1","40.1","40.1","40.1","40.1","40.1","40.1","40.1","40.1","40.1","40.1","40.1","40.1","40.1","40.1","40.1","40.1","40.1","40.1","40.1","40.1","40.1","40.1","40.1","75.3","75.3","75.3","75.3","75.3","75.3","75.3","75.3","75.3","75.3","75.3","75.3","75.3","75.3","75.3","75.3","75.3","75.3","75.3","75.3","75.6","75.6","75.6","75.6","75.6","75.6","75.6","75.6","75.6","75.6","75.6","75.6","75.6","75.6","75.6","75.6","75.6","75.6","75.6","75.6","168.5","168.5","168.5","168.5","168.5","168.5","168.5","168.5","168.5","168.5","168.5","168.5","168.5","168.5","168.5","168.5","168.5","168.5","168.5","168.5","168.5","168.5","168.5","168.5","#N/A","#N/A","#N/A","#N/A","202.0","202.0","202.0","202.0","202.0","202.0","202.0","202.0","202.0","202.0","202.0","202.0","#N/A","#N/A","#N/A","#N/A","#N/A","245.4574","245.4574","245.4574","245.4574","245.4574","245.4574","245.4574","245.4574","245.4574","245.4574","#N/A","#N/A","#N/A","266.9","266.9","266.9","266.9","266.9","266.9","266.9","266.9","266.9","266.9","266.9","266.9","266.9","266.9","293.8","293.8","293.8","293.8","293.8","293.8","293.8","293.8","293.8","293.8","293.8","293.8","293.8","293.8","293.8","293.8","293.8","293.8","293.8","293.8","293.8","293.8","358.8","358.8","358.8","358.8","358.8","358.8","358.8","358.8","358.8","358.8","358.8","358.8","358.8","358.8","358.8","358.8","438.9","438.9","438.9","438.9","438.9","438.9","438.9","438.9"
"1958:Q3","40.9","40.9","40.9","40.9","40.9","40.9","40.9","40.9","40.9","40.9","40.9","40.9","40.9","40.9","40.9","40.9","40.9","40.9","40.9","40.9","40.9","40.9","40.9","40.9","40.9","40.9","40.9","40.9","40.9","40.9","40.9","40.9","40.9","40.9","40.9","40.9","40.9","40.9","40.9","40.9","40.9","76.9","76.9","76.9","76.9","76.9","76.9","76.9","76.9","76.9","76.9","76.9","76.9","76.9","76.9","76.9","76.9","76.9","76.9","76.9","76.9","77.2","77.2","77.2","77.2","77.2","77.2","77.2","77.2","77.2","77.2","77.2","77.2","77.2","77.2","77.2","77.2","77.2","77.2","77.2","77.2","172.1","172.1","172.1","172.1","172.1","172.1","172.1","172.1","172.1","172.1","172.1","172.1","172.1","172.1","172.1","172.1","172.1","172.1","172.1","172.1","172.1","172.1","172.1","172.1","#N/A","#N/A","#N/A","#N/A","205.9","205.9","205.9","205.9","205.9","205.9","205.9","205.9","205.9","205.9","205.9","205.9","#N/A","#N/A","#N/A","#N/A","#N/A","250.3857","250.3857","250.3857","250.3857","250.3857","250.3857","250.3857","250.3857","250.3857","250.3857","#N/A","#N/A","#N/A","272.7","272.7","272.7","272.7","272.7","272.7","272.7","272.7","272.7","272.7","272.7","272.7","272.7","272.7","300.3","300.3","300.3","300.3","300.3","300.3","300.3","300.3","300.3","300.3","300.3","300.3","300.3","300.3","300.3","300.3","300.3","300.3","300.3","300.3","300.3","300.3","366.6","366.6","366.6","366.6","366.6","366.6","366.6","366.6","366.6","366.6","366.6","366.6","366.6","366.6","366.6","366.6","448.5","448.5","448.5","448.5","448.5","448.5","448.5","448.5"
"1958:Q4","41.5","41.5","41.5","41.5","41.5","41.5","41.5","41.5","41.5","41.5","41.5","41.5","41.5","41.5","41.5","41.5","41.5","41.5","41.5","41.5","41.5","41.5","41.5","41.5","41.5","41.5","41.5","41.5","41.5","41.5","41.5","41.5","41.5","41.5","41.5","41.5","41.5","41.5","41.5","41.5","41.5","79.5","79.5","79.5","79.5","79.5","79.5","79.5","79.5","79.5","79.5","79.5","79.5","79.5","79.5","79.5","79.5","79.5","79.5","79.5","79.5","78.7","78.7","78.7","78.7","78.7","78.7","78.7","78.7","78.7","78.7","78.7","78.7","78.7","78.7","78.7","78.7","78.7","78.7","78.7","78.7","175.3","175.3","175.3","175.3","175.3","175.3","175.3","175.3","175.3","175.3","175.3","175.3","175.3","175.3","175.3","175.3","175.3","175.3","175.3","175.3","175.3","175.3","175.3","175.3","#N/A","#N/A","#N/A","#N/A","209.2","209.2","209.2","209.2","209.2","209.2","209.2","209.2","209.2","209.2","209.2","209.2","#N/A","#N/A","#N/A","#N/A","#N/A","255.0198","255.0198","255.0198","255.0198","255.0198","255.0198","255.0198","255.0198","255.0198","255.0198","#N/A","#N/A","#N/A","277.8","277.8","277.8","277.8","277.8","277.8","277.8","277.8","277.8","277.8","277.8","277.8","277.8","277.8","305.8","305.8","305.8","305.8","305.8","305.8","305.8","305.8","305.8","305.8","305.8","305.8","305.8","305.8","305.8","305.8","305.8","305.8","305.8","305.8","305.8","305.8","373.3","373.3","373.3","373.3","373.3","373.3","373.3","373.3","373.3","373.3","373.3","373.3","373.3","373.3","373.3","373.3","456.6","456.6","456.6","456.6","456.6","456.6","456.6","456.6"
"1959:Q1","42.1","42.1","42.1","42.1","42.1","42.1","42.1","42.1","42.1","42.1","42.1","42.1","42.1","42.1","42.1","42.1","42.1","42.1","42.1","42.1","42.1","42.1","42.1","42.1","42.1","42.1","42.1","42.1","42.1","42.1","42.1","42.1","42.1","42.1","42.1","42.1","42.1","42.1","42.1","42.1","42.1","78.9","78.9","78.9","78.9","78.9","78.9","78.9","78.9","78.9","78.9","78.9","78.9","78.9","78.9","78.9","78.9","78.9","78.9","78.9","78.9","79.3","79.3","79.3","79.3","79.3","79.3","79.3","79.3","79.3","79.3","79.3","79.3","79.3","79.3","79.3","79.3","79.3","79.3","79.3","79.3","176.3","176.3","176.3","176.3","176.3","176.3","176.3","176.3","176.3","176.3","176.3","176.3","176.3","176.3","176.3","176.3","176.3","176.3","176.3","176.3","176.3","176.3","176.3","176.3","209.7","209.7","209.7","209.7","209.7","209.7","209.7","209.7","209.7","209.7","209.7","209.7","209.7","209.7","209.7","209.7","#N/A","#N/A","#N/A","#N/A","#N/A","256.8587","256.8587","256.8587","256.8587","256.8587","256.8587","256.8587","256.8587","256.8587","256.8587","#N/A","278.158","#N/A","279.3","279.3","279.3","279.3","279.3","279.3","279.3","279.3","279.3","279.3","279.3","279.3","279.3","279.3","308.2","308.2","308.2","308.2","308.2","308.2","308.2","308.2","308.2","308.2","308.2","308.2","308.2","308.2","308.2","308.2","308.2","308.2","308.2","308.2","308.2","308.2","376.5","376.5","376.5","376.5","376.5","376.5","376.5","376.5","376.4","376.4","376.4","376.4","376.4","376.4","376.4","376.4","458.4","458.4","458.4","458.4","458.4","458.4","458.4","458.4"
"1959:Q2","42.5","42.5","42.5","42.5","42.5","42.5","42.5","42.5","42.5","42.5","42.5","42.5","42.5","42.5","42.5","42.5","42.5","42.5","42.5","42.5","42.5","42.5","42.5","42.5","42.5","42.5","42.5","42.5","42.5","42.5","42.5","42.5","42.5","42.5","42.5","42.5","42.5","42.5","42.5","42.5","42.5","78.9","78.9","78.9","78.9","78.9","78.9","78.9","78.9","78.9","78.9","78.9","78.9","78.9","78.9","78.9","78.9","78.9","78.9","78.9","78.9","79.3","79.3","79.3","79.3","79.3","79.3","79.3","79.3","79.3","79.3","79.3","79.3","79.3","79.3","79.3","79.3","79.3","79.3","79.3","79.3","176.3","176.3","176.3","176.3","176.3","176.3","176.3","176.3","176.3","176.3","176.3","176.3","176.3","176.3","176.3","176.3","176.3","176.3","176.3","176.3","176.3","176.3","176.3","176.3","209.8","209.8","209.8","209.8","209.8","209.8","209.8","209.8","209.8","209.8","209.8","209.8","209.8","209.8","209.8","209.8","#N/A","#N/A","#N/A","#N/A","#N/A","257.0058","257.0058","257.0058","257.0058","257.0058","257.0058","257.0058","257.0058","257.0058","257.0058","#N/A","279.0484","#N/A","280.2","280.2","280.2","280.2","280.2","280.2","280.2","280.2","280.2","280.2","280.2","280.2","280.2","280.2","309.0","309.0","309.0","309.0","309.0","309.0","309.0","309.0","309.0","309.0","309.0","309.0","309.0","309.0","309.0","309.0","309.0","309.0","309.0","309.0","309.0","309.0","377.5","377.5","377.5","377.5","377.5","377.5","377.5","377.5","377.5","377.5","377.5","377.5","377.5","377.5","377.5","377.5","459.7","459.7","459.7","459.7","459.7","459.7","459.7","459.7"
"1959:Q3","42.3","42.3","42.3","42.3","42.3","42.3","42.3","42.3","42.3","42.3","42.3","42.3","42.3","42.3","42.3","42.3","42.3","42.3","42.3","42.3","42.3","42.3","42.3","42.3","42.3","42.3","42.3","42.3","42.3","42.3","42.3","42.3","42.3","42.3","42.3","42.3","42.3","42.3","42.3","42.3","42.3","79.1","79.1","79.1","79.1","79.1","79.1","79.1","79.1","79.1","79.1","79.1","79.1","79.1","79.1","79.1","79.1","79.1","79.1","79.1","79.1","79.4","79.4","79.4","79.4","79.4","79.4","79.4","79.4","79.4","79.4","79.4","79.4","79.4","79.4","79.4","79.4","79.4","79.4","79.4","79.4","176.5","176.5","176.5","176.5","176.5","176.5","176.5","176.5","176.5","176.5","176.5","176.5","176.5","176.5","176.5","176.5","176.5","176.5","176.5","176.5","176.5","176.5","176.5","176.5","210.0","210.0","210.0","210.0","210.0","210.0","210.0","210.0","210.0","210.0","210.0","210.0","210.0","210.0","210.0","210.0","257.3","257.3","257.3","257.3","257.3","257.3","257.3","257.3","257.3","257.3","257.3","257.3","257.3","257.3","257.3","#N/A","279.4046","#N/A","280.5","280.5","280.5","280.5","280.5","280.5","280.5","280.5","280.5","280.5","280.5","280.5","280.5","280.5","309.3","309.3","309.3","309.3","309.3","309.3","309.3","309.3","309.3","309.3","309.3","309.3","309.3","309.3","309.3","309.3","309.3","309.3","309.3","309.3","309.3","309.3","377.8","377.8","377.8","377.8","377.8","377.8","377.8","377.8","377.8","377.8","377.8","377.8","377.8","377.8","377.8","377.8","460.2","460.2","460.2","460.2","460.2","460.2","460.2","460.2"
"1959:Q4","42.3","42.3","42.3","42.3","42.3","42.3","42.3","42.3","42.3","42.3","42.3","42.3","42.3","42.3","42.3","42.3","42.3","42.3","42.3","42.3","42.3","42.3","42.3","42.3","42.3","42.3","42.3","42.3","42.3","42.3","42.3","42.3","42.3","42.3","42.3","42.3","42.3","42.3","42.3","42.3","42.3","78.6","78.6","78.6","78.6","78.6","78.6","78.6","78.6","78.6","78.6","78.6","78.6","78.6","78.6","78.6","78.6","78.6","78.6","78.6","78.6","79.0","79.0","79.0","79.0","79.0","79.0","79.0","79.0","79.0","79.0","79.0","79.0","79.0","79.0","79.0","79.0","79.0","79.0","79.0","79.0","175.5","175.5","175.5","175.5","175.5","175.5","175.5","175.5","175.5","175.5","175.5","175.5","175.5","175.5","175.5","175.5","175.5","175.5","175.5","175.5","175.5","175.5","175.5","175.5","209.1","209.1","209.1","209.1","209.1","209.1","209.1","209.1","209.1","209.1","209.1","209.1","209.1","209.1","209.1","209.1","255.9","255.9","255.9","255.9","255.9","255.9","255.9","255.9","255.9","255.9","255.9","255.9","255.9","255.9","255.9","#N/A","277.9799","#N/A","279.1","279.1","279.1","279.1","279.1","279.1","279.1","279.1","279.1","279.1","279.1","279.1","279.1","279.1","307.6","307.6","307.6","307.6","307.6","307.6","307.6","307.6","307.6","307.6","307.6","307.6","307.6","307.6","307.6","307.6","307.6","307.6","307.6","307.6","307.6","307.6","375.8","375.8","375.8","375.8","375.8","375.8","375.8","375.8","375.8","375.8","375.8","375.8","375.8","375.8","375.8","375.8","457.8","457.8","457.8","457.8","457.8","457.8","457.8","457.8"
"1960:Q1","42.6","42.6","42.6","42.6","42.6","42.6","42.6","42.6","42.6","42.6","42.6","42.6","42.6","42.6","42.6","42.6","42.6","42.6","42.6","42.6","42.6","42.6","42.6","42.6","42.6","42.6","42.6","42.6","42.6","42.6","42.6","42.6","42.6","42.6","42.6","42.6","42.6","42.6","42.6","42.6","42.6","79.9","79.9","79.9","79.9","79.9","79.9","79.9","79.9","79.9","79.9","79.9","79.9","79.9","79.9","79.9","79.9","79.9","79.9","79.9","79.9","80.3","80.3","80.3","80.3","80.3","80.3","80.3","80.3","80.3","80.3","80.3","80.3","80.3","80.3","80.3","80.3","80.3","80.3","80.3","80.3","178.2","178.2","178.2","178.2","178.2","178.2","178.2","178.2","178.2","178.2","178.2","178.2","178.2","178.2","178.2","178.2","178.2","178.2","178.2","178.2","178.2","178.2","178.2","178.2","211.9","211.9","211.9","211.9","211.9","211.9","211.9","211.9","211.9","211.9","211.9","211.9","211.9","211.9","211.9","211.9","259.9","259.9","259.9","259.9","259.9","259.9","259.9","259.9","259.9","259.9","259.9","259.9","259.9","259.9","259.9","#N/A","282.699","#N/A","283.8","283.8","283.8","283.8","283.8","283.8","283.8","283.8","283.8","283.8","283.8","283.8","283.8","283.8","313.0","313.0","313.0","313.0","313.0","313.0","313.0","313.0","313.0","313.0","313.0","313.0","313.0","313.0","313.0","313.0","313.0","313.0","313.0","313.0","313.0","313.0","382.3","382.3","382.3","382.3","382.3","382.3","382.3","382.3","382.3","382.3","382.3","382.3","382.3","382.3","382.3","382.3","465.6","465.6","465.6","465.6","465.6","465.6","465.6","465.6"
"1960:Q2","43.7","43.7","43.7","43.7","43.7","43.7","43.7","43.7","43.7","43.7","43.7","43.7","43.7","43.7","43.7","43.7","43.7","43.7","43.7","43.7","43.7","43.7","43.7","43.7","43.7","43.7","43.7","43.7","43.7","43.7","43.7","43.7","43.7","43.7","43.7","43.7","43.7","43.7","43.7","43.7","43.7","81.6","81.6","81.6","81.6","81.6","81.6","81.6","81.6","81.6","81.6","81.6","81.6","81.6","81.6","81.6","81.6","81.6","81.6","81.6","81.6","82.0","82.0","82.0","82.0","82.0","82.0","82.0","82.0","82.0","82.0","82.0","82.0","82.0","82.0","82.0","82.0","82.0","82.0","82.0","82.0","182.2","182.2","182.2","182.2","182.2","182.2","182.2","182.2","182.2","182.2","182.2","182.2","182.2","182.2","182.2","182.2","182.2","182.2","182.2","182.2","182.2","182.2","182.2","182.2","216.4","216.4","216.4","216.4","216.4","216.4","216.4","216.4","216.4","216.4","216.4","216.4","216.4","216.4","216.4","216.4","266.0","266.0","266.0","266.0","266.0","266.0","266.0","266.0","266.0","266.0","266.0","266.0","266.0","266.0","266.0","#N/A","289.555","#N/A","290.7","290.7","290.7","290.7","290.7","290.7","290.7","290.7","290.7","290.7","290.7","290.7","290.7","290.7","320.7","320.7","320.7","320.7","320.7","320.7","320.7","320.7","320.7","320.7","320.7","320.7","320.7","320.7","320.7","320.7","320.7","320.7","320.7","320.7","320.7","320.7","391.7","391.7","391.7","391.7","391.7","391.7","391.7","391.7","391.7","391.7","391.7","391.7","391.7","391.7","391.7","391.7","476.9","476.9","476.9","476.9","476.9","476.9","476.9","476.9"
"1960:Q3","43.6","43.6","43.6","43.6","43.6","43.6","43.6","43.6","43.6","43.6","43.6","43.6","43.6","43.6","43.6","43.6","43.6","43.6","43.6","43.6","43.6","43.6","43.6","43.6","43.6","43.6","43.6","43.6","43.6","43.6","43.6","43.6","43.6","43.6","43.6","43.6","43.6","43.6","43.6","43.6","43.6","82.9","82.9","82.9","82.9","82.9","82.9","82.9","82.9","82.9","82.9","82.9","82.9","82.9","82.9","82.9","82.9","82.9","82.9","82.9","82.9","83.3","83.3","83.3","83.3","83.3","83.3","83.3","83.3","83.3","83.3","83.3","83.3","83.3","83.3","83.3","83.3","83.3","83.3","83.3","83.3","185.0","185.0","185.0","185.0","185.0","185.0","185.0","185.0","185.0","185.0","185.0","185.0","185.0","185.0","185.0","185.0","185.0","185.0","185.0","185.0","185.0","185.0","185.0","185.0","220.4","220.4","220.4","220.4","220.4","220.4","220.4","220.4","220.4","220.4","220.4","220.4","220.4","220.4","220.4","220.4","270.0","270.0","270.0","270.0","270.0","270.0","270.0","270.0","270.0","270.0","270.0","270.0","270.0","270.0","270.0","#N/A","293.8289","#N/A","295.0","295.0","295.0","295.0","295.0","295.0","295.0","295.0","295.0","295.0","295.0","295.0","295.0","295.0","325.4","325.4","325.4","325.4","325.4","325.4","325.4","325.4","325.4","325.4","325.4","325.4","325.4","325.4","325.4","325.4","325.4","325.4","325.4","325.4","325.4","325.4","397.5","397.5","397.5","397.5","397.5","397.5","397.5","397.5","397.5","397.5","397.5","397.5","397.5","397.5","397.5","397.5","483.9","483.9","483.9","483.9","483.9","483.9","483.9","483.9"
"1960:Q4","44.1","44.1","44.1","44.1","44.1","44.1","44.1","44.1","44.1","44.1","44.1","44.1","44.1","44.1","44.1","44.1","44.1","44.1","44.1","44.1","44.1","44.1","44.1","44.1","44.1","44.1","44.1","44.1","44.1","44.1","44.1","44.1","44.1","44.1","44.1","44.1","44.1","44.1","44.1","44.1","44.1","83.7","83.7","83.7","83.7","83.7","83.7","83.7","83.7","83.7","83.7","83.7","83.7","83.7","83.7","83.7","83.7","83.7","83.7","83.7","83.7","84.1","84.1","84.1","84.1","84.1","84.1","84.1","84.1","84.1","84.1","84.1","84.1","84.1","84.1","84.1","84.1","84.1","84.1","84.1","84.1","186.9","186.9","186.9","186.9","186.9","186.9","186.9","186.9","186.9","186.9","186.9","186.9","186.9","186.9","186.9","186.9","186.9","186.9","186.9","186.9","186.9","186.9","186.9","186.9","222.9","222.9","222.9","222.9","222.9","222.9","222.9","222.9","222.9","222.9","222.9","222.9","222.9","222.9","222.9","222.9","273.0","273.0","273.0","273.0","273.0","273.0","273.0","273.0","273.0","273.0","273.0","273.0","273.0","273.0","273.0","#N/A","297.2124","#N/A","298.4","298.4","298.4","298.4","298.4","298.4","298.4","298.4","298.4","298.4","298.4","298.4","298.4","298.4","329.2","329.2","329.2","329.2","329.2","329.2","329.2","329.2","329.2","329.2","329.2","329.2","329.2","329.2","329.2","329.2","329.2","329.2","329.2","329.2","329.2","329.2","402.1","402.1","402.1","402.1","402.1","402.1","402.1","402.1","402.1","402.1","402.1","402.1","402.1","402.1","402.1","402.1","489.4","489.4","489.4","489.4","489.4","489.4","489.4","489.4"
"1961:Q1","45.4","45.4","45.4","45.4","45.4","45.4","45.4","45.4","45.4","45.4","45.4","45.4","45.4","45.4","45.4","45.4","45.4","45.4","45.4","45.4","45.4","45.4","45.4","45.4","45.4","45.4","45.4","45.4","45.4","45.4","45.4","45.4","45.4","45.4","45.4","45.4","45.4","45.4","45.4","45.4","45.4","86.4","86.4","86.4","86.4","86.4","86.4","86.4","86.4","86.4","86.4","86.4","86.4","86.4","86.4","86.4","86.4","86.4","86.4","86.4","86.4","86.8","86.8","86.8","86.8","86.8","86.8","86.8","86.8","86.8","86.8","86.8","86.8","86.8","86.8","86.8","86.8","86.8","86.8","86.8","86.8","192.8","192.8","192.8","192.8","192.8","192.8","192.8","192.8","192.8","192.8","192.8","192.8","192.8","192.8","192.8","192.8","192.8","192.8","192.8","192.8","192.8","192.8","192.8","192.8","229.9","229.9","229.9","229.9","229.9","229.9","229.9","229.9","229.9","229.9","229.9","229.9","229.9","229.9","229.9","229.9","281.8","281.8","281.8","281.8","281.8","281.8","281.8","281.8","281.8","281.8","281.8","281.8","281.8","281.8","281.8","#N/A","306.7395","#N/A","308.0","308.0","308.0","308.0","308.0","308.0","308.0","308.0","308.0","308.0","308.0","308.0","308.0","308.0","339.8","339.8","339.8","339.8","339.8","339.8","339.8","339.8","339.8","339.8","339.8","339.8","339.8","339.8","339.8","339.8","339.8","339.8","339.8","339.8","339.8","339.8","415.1","415.1","415.1","415.1","415.1","415.1","415.1","415.1","415.1","415.1","415.1","415.1","415.1","415.1","415.1","415.1","505.1","505.1","505.1","505.1","505.1","505.1","505.1","505.1"
"1961:Q2","45.3","45.3","45.3","45.3","45.3","45.3","45.3","45.3","45.3","45.3","45.3","45.3","45.3","45.3","45.3","45.3","45.3","45.3","45.3","45.3","45.3","45.3","45.3","45.3","45.3","45.3","45.3","45.3","45.3","45.3","45.3","45.3","45.3","45.3","45.3","45.3","45.3","45.3","45.3","45.3","45.3","86.0","86.0","86.0","86.0","86.0","86.0","86.0","86.0","86.0","86.0","86.0","86.0","86.0","86.0","86.0","86.0","86.0","86.0","86.0","86.0","86.4","86.4","86.4","86.4","86.4","86.4","86.4","86.4","86.4","86.4","86.4","86.4","86.4","86.4","86.4","86.4","86.4","86.4","86.4","86.4","191.6","191.6","191.6","191.6","191.6","191.6","191.6","191.6","191.6","191.6","191.6","191.6","191.6","191.6","191.6","191.6","191.6","191.6","191.6","191.6","191.6","191.6","191.6","191.6","228.3","228.3","228.3","228.3","228.3","228.3","228.3","228.3","228.3","228.3","228.3","228.3","228.3","228.3","228.3","228.3","280.1","280.1","280.1","280.1","280.1","280.1","280.1","280.1","280.1","280.1","280.1","280.1","280.1","280.1","280.1","#N/A","304.6916","#N/A","306.0","306.0","306.0","306.0","306.0","306.0","306.0","306.0","306.0","306.0","306.0","306.0","306.0","306.0","337.6","337.6","337.6","337.6","337.6","337.6","337.6","337.6","337.6","337.6","337.6","337.6","337.6","337.6","337.6","337.6","337.6","337.6","337.6","337.6","337.6","337.6","412.3","412.3","412.3","412.3","412.3","412.3","412.3","412.3","412.3","412.3","412.3","412.3","412.3","412.3","412.3","412.3","501.7","501.7","501.7","501.7","501.7","501.7","501.7","501.7"
"1961:Q3","46.1","46.1","46.1","46.1","46.1","46.1","46.1","46.1","46.1","46.1","46.1","46.1","46.1","46.1","46.1","46.1","46.1","46.1","46.1","46.1","46.1","46.1","46.1","46.1","46.1","46.1","46.1","46.1","46.1","46.1","46.1","46.1","46.1","46.1","46.1","46.1","46.1","46.1","46.1","46.1","46.1","86.9","86.9","86.9","86.9","86.9","86.9","86.9","86.9","86.9","86.9","86.9","86.9","86.9","86.9","86.9","86.9","86.9","86.9","86.9","86.9","87.3","87.3","87.3","87.3","87.3","87.3","87.3","87.3","87.3","87.3","87.3","87.3","87.3","87.3","87.3","87.3","87.3","87.3","87.3","87.3","193.5","193.5","193.5","193.5","193.5","193.5","193.5","193.5","193.5","193.5","193.5","193.5","193.5","193.5","193.5","193.5","193.5","193.5","193.5","193.5","193.5","193.5","193.5","193.5","231.0","231.0","231.0","231.0","231.0","231.0","231.0","231.0","231.0","231.0","231.0","231.0","231.0","231.0","231.0","231.0","282.6","282.6","282.6","282.6","282.6","282.6","282.6","282.6","282.6","282.6","282.6","282.6","282.6","282.6","282.6","#N/A","307.2738","#N/A","308.6","308.6","308.6","308.6","308.6","308.6","308.6","308.6","308.6","308.6","308.6","308.6","308.6","308.6","340.4","340.4","340.4","340.4","340.4","340.4","340.4","340.4","340.4","340.4","340.4","340.4","340.4","340.4","340.4","340.4","340.4","340.4","340.4","340.4","340.4","340.4","415.8","415.8","415.8","415.8","415.8","415.8","415.8","415.8","415.8","415.8","415.8","415.8","415.8","415.8","415.8","415.8","505.9","505.9","505.9","505.9","505.9","505.9","505.9","505.9"
"1961:Q4","47.0","47.0","47.0","47.0","47.0","47.0","47.0","47.0","47.0","47.0","47.0","47.0","47.0","47.0","47.0","47.0","47.0","47.0","47.0","47.0","47.0","47.0","47.0","47.0","47.0","47.0","47.0","47.0","47.0","47.0","47.0","47.0","47.0","47.0","47.0","47.0","47.0","47.0","47.0","47.0","47.0","89.3","89.3","89.3","89.3","89.3","89.3","89.3","89.3","89.3","89.3","89.3","89.3","89.3","89.3","89.3","89.3","89.3","89.3","89.3","89.3","89.7","89.7","89.7","89.7","89.7","89.7","89.7","89.7","89.7","89.7","89.7","89.7","89.7","89.7","89.7","89.7","89.7","89.7","89.7","89.7","198.9","198.9","198.9","198.9","198.9","198.9","198.9","198.9","198.9","198.9","198.9","198.9","198.9","198.9","198.9","198.9","198.9","198.9","198.9","198.9","198.9","198.9","198.9","198.9","236.5","236.5","236.5","236.5","236.5","236.5","236.5","236.5","236.5","236.5","236.5","236.5","236.5","236.5","236.5","236.5","290.5","290.5","290.5","290.5","290.5","290.5","290.5","290.5","290.5","290.5","290.5","290.5","290.5","290.5","290.5","#N/A","315.6435","#N/A","317.1","317.1","317.1","317.1","317.1","317.1","317.1","317.1","317.1","317.1","317.1","317.1","317.1","317.1","349.9","349.9","349.9","349.9","349.9","349.9","349.9","349.9","349.9","349.9","349.9","349.9","349.9","349.9","349.9","349.9","349.9","349.9","349.9","349.9","349.9","349.9","427.3","427.3","427.3","427.3","427.3","427.3","427.3","427.3","427.3","427.3","427.3","427.3","427.3","427.3","427.3","427.3","519.6","519.6","519.6","519.6","519.6","519.6","519.6","519.6"
"1962:Q1","46.9","46.9","46.9","46.9","46.9","46.9","46.9","46.9","46.9","46.9","46.9","46.9","46.9","46.9","46.9","46.9","46.9","46.9","46.9","46.9","46.9","46.9","46.9","46.9","46.9","46.9","46.9","46.9","46.9","46.9","46.9","46.9","46.9","46.9","46.9","46.9","46.9","46.9","46.9","46.9","46.9","88.7","88.7","88.7","88.7","88.7","88.7","88.7","88.7","88.7","88.7","88.7","88.7","88.7","88.7","88.7","88.7","88.7","88.7","88.7","88.7","89.1","89.1","89.1","89.1","89.1","89.1","89.1","89.1","89.1","89.1","89.1","89.1","89.1","89.1","89.1","89.1","89.1","89.1","89.1","89.1","197.3","197.3","197.3","197.3","197.3","197.3","197.3","197.3","197.3","197.3","197.3","197.3","197.3","197.3","197.3","197.3","197.3","197.3","197.3","197.3","197.3","197.3","197.3","197.3","234.0","234.0","234.0","234.0","234.0","234.0","234.0","234.0","234.0","234.0","234.0","234.0","234.0","234.0","234.0","234.0","288.0","288.0","288.0","288.0","288.0","288.0","288.0","288.0","288.0","288.0","288.0","288.0","288.0","288.0","288.0","#N/A","313.4175","#N/A","314.8","314.8","314.8","314.8","314.8","314.8","314.8","314.8","314.8","314.8","314.8","314.8","314.8","314.8","347.4","347.4","347.4","347.4","347.4","347.4","347.4","347.4","347.4","347.4","347.4","347.4","347.4","347.4","347.4","347.4","347.4","347.4","347.4","347.4","347.4","347.4","424.3","424.3","424.3","424.3","424.3","424.3","424.3","424.3","424.2","424.2","424.2","424.2","424.2","424.2","424.2","424.2","515.8","515.8","515.8","515.8","515.8","515.8","515.8","515.8"
"1962:Q2","47.1","47.1","47.1","47.1","47.1","47.1","47.1","47.1","47.1","47.1","47.1","47.1","47.1","47.1","47.1","47.1","47.1","47.1","47.1","47.1","47.1","47.1","47.1","47.1","47.1","47.1","47.1","47.1","47.1","47.1","47.1","47.1","47.1","47.1","47.1","47.1","47.1","47.1","47.1","47.1","47.1","89.3","89.3","89.3","89.3","89.3","89.3","89.3","89.3","89.3","89.3","89.3","89.3","89.3","89.3","89.3","89.3","89.3","89.3","89.3","89.3","89.7","89.7","89.7","89.7","89.7","89.7","89.7","89.7","89.7","89.7","89.7","89.7","89.7","89.7","89.7","89.7","89.7","89.7","89.7","89.7","198.8","198.8","198.8","198.8","198.8","198.8","198.8","198.8","198.8","198.8","198.8","198.8","198.8","198.8","198.8","198.8","198.8","198.8","198.8","198.8","198.8","198.8","198.8","198.8","235.3","235.3","235.3","235.3","235.3","235.3","235.3","235.3","235.3","235.3","235.3","235.3","235.3","235.3","235.3","235.3","290.0","290.0","290.0","290.0","290.0","290.0","290.0","290.0","290.0","290.0","290.0","290.0","290.0","290.0","290.0","#N/A","315.6435","#N/A","317.0","317.0","317.0","317.0","317.0","317.0","317.0","317.0","317.0","317.0","317.0","317.0","317.0","317.0","349.9","349.9","349.9","349.9","349.9","349.9","349.9","349.9","349.9","349.9","349.9","349.9","349.9","349.9","349.9","349.9","349.9","349.9","349.9","349.9","349.9","349.9","427.3","427.3","427.3","427.3","427.3","427.3","427.3","427.3","427.3","427.3","427.3","427.3","427.3","427.3","427.3","427.3","519.3","519.3","519.3","519.3","519.3","519.3","519.3","519.3"
"1962:Q3","47.6","47.6","47.6","47.6","47.6","47.6","47.6","47.6","47.6","47.6","47.6","47.6","47.6","47.6","47.6","47.6","47.6","47.6","47.6","47.6","47.6","47.6","47.6","47.6","47.6","47.6","47.6","47.6","47.6","47.6","47.6","47.6","47.6","47.6","47.6","47.6","47.6","47.6","47.6","47.6","47.6","90.5","90.5","90.5","90.5","90.5","90.5","90.5","90.5","90.5","90.5","90.5","90.5","90.5","90.5","90.5","90.5","90.5","90.5","90.5","90.5","90.9","90.9","90.9","90.9","90.9","90.9","90.9","90.9","90.9","90.9","90.9","90.9","90.9","90.9","90.9","90.9","90.9","90.9","90.9","90.9","201.2","201.2","201.2","201.2","201.2","201.2","201.2","201.2","201.2","201.2","201.2","201.2","201.2","201.2","201.2","201.2","201.2","201.2","201.2","201.2","201.2","201.2","201.2","201.2","238.0","238.0","238.0","238.0","238.0","238.0","238.0","238.0","238.0","238.0","238.0","238.0","238.0","238.0","238.0","238.0","293.6","293.6","293.6","293.6","293.6","293.6","293.6","293.6","293.6","293.6","293.6","293.6","293.6","293.6","293.6","#N/A","319.6502","#N/A","321.1","321.1","321.1","321.1","321.1","321.1","321.1","321.1","321.1","321.1","321.1","321.1","321.1","321.1","354.3","354.3","354.3","354.3","354.3","354.3","354.3","354.3","354.3","354.3","354.3","354.3","354.3","354.3","354.3","354.3","354.3","354.3","354.3","354.3","354.3","354.3","432.7","432.7","432.7","432.7","432.7","432.7","432.7","432.7","432.7","432.7","432.7","432.7","432.7","432.7","432.7","432.7","525.7","525.7","525.7","525.7","525.7","525.7","525.7","525.7"
"1962:Q4","48.0","48.0","48.0","48.0","48.0","48.0","48.0","48.0","48.0","48.0","48.0","48.0","48.0","48.0","48.0","48.0","48.0","48.0","48.0","48.0","48.0","48.0","48.0","48.0","48.0","48.0","48.0","48.0","48.0","48.0","48.0","48.0","48.0","48.0","48.0","48.0","48.0","48.0","48.0","48.0","48.0","91.4","91.4","91.4","91.4","91.4","91.4","91.4","91.4","91.4","91.4","91.4","91.4","91.4","91.4","91.4","91.4","91.4","91.4","91.4","91.4","91.8","91.8","91.8","91.8","91.8","91.8","91.8","91.8","91.8","91.8","91.8","91.8","91.8","91.8","91.8","91.8","91.8","91.8","91.8","91.8","203.2","203.2","203.2","203.2","203.2","203.2","203.2","203.2","203.2","203.2","203.2","203.2","203.2","203.2","203.2","203.2","203.2","203.2","203.2","203.2","203.2","203.2","203.2","203.2","240.2","240.2","240.2","240.2","240.2","240.2","240.2","240.2","240.2","240.2","240.2","240.2","240.2","240.2","240.2","240.2","296.7","296.7","296.7","296.7","296.7","296.7","296.7","296.7","296.7","296.7","296.7","296.7","296.7","296.7","296.7","#N/A","323.1227","#N/A","324.6","324.6","324.6","324.6","324.6","324.6","324.6","324.6","324.6","324.6","324.6","324.6","324.6","324.6","358.2","358.2","358.2","358.2","358.2","358.2","358.2","358.2","358.2","358.2","358.2","358.2","358.2","358.2","358.2","358.2","358.2","358.2","358.2","358.2","358.2","358.2","437.5","437.5","437.5","437.5","437.5","437.5","437.5","437.5","437.4","437.4","437.4","437.4","437.4","437.4","437.4","437.4","531.2","531.2","531.2","531.2","531.2","531.2","531.2","531.2"
"1963:Q1","49.1","49.1","49.1","49.4","49.4","49.4","49.4","49.4","49.4","49.4","49.4","49.4","49.4","49.4","49.4","49.4","49.4","49.4","49.4","49.4","49.4","49.4","49.4","49.4","49.4","49.4","49.4","49.4","49.4","49.4","49.4","49.4","49.4","49.4","49.4","49.4","49.4","49.4","49.4","49.4","49.4","93.3","93.3","93.3","93.3","93.3","93.3","93.3","93.3","93.3","93.3","93.3","93.3","93.3","93.3","93.3","93.3","93.3","93.3","93.3","93.3","93.6","93.6","93.6","93.6","93.6","93.6","93.6","93.6","93.6","93.6","93.6","93.6","93.6","93.6","93.6","93.6","93.6","93.6","93.6","93.6","207.0","207.0","207.0","207.0","207.0","207.0","207.0","207.0","207.0","207.0","207.0","207.0","207.0","207.0","207.0","207.0","207.0","207.0","207.0","207.0","207.0","207.0","207.0","207.0","244.7","244.7","244.7","244.7","244.7","244.7","244.7","244.7","244.7","244.7","244.7","244.7","244.7","244.7","244.7","244.7","302.3","302.3","302.3","302.3","302.3","302.3","302.3","302.3","302.3","302.3","302.3","302.3","302.3","302.3","302.3","#N/A","329.2664","#N/A","330.8","330.8","330.8","330.8","330.8","330.8","330.8","330.8","330.8","330.8","330.8","330.8","330.8","330.8","364.9","364.9","364.9","364.9","364.9","364.9","364.9","364.9","364.9","364.9","364.9","364.9","364.9","364.9","364.9","364.9","364.9","364.9","364.9","364.9","364.9","364.9","445.7","445.7","445.7","445.7","445.7","445.7","445.7","445.7","445.7","445.7","445.7","445.7","445.7","445.7","445.7","445.7","540.9","540.9","540.9","540.9","540.9","540.9","540.9","540.9"
"1963:Q2","49.5","49.5","49.5","49.7","49.7","49.7","49.7","49.7","49.7","49.7","49.7","49.7","49.7","49.7","49.7","49.7","49.7","49.7","49.7","49.7","49.7","49.7","49.7","49.7","49.7","49.7","49.7","49.7","49.7","49.7","49.7","49.7","49.7","49.7","49.7","49.7","49.7","49.7","49.7","49.7","49.7","94.0","94.0","94.0","94.0","94.0","94.0","94.0","94.0","94.0","94.0","94.0","94.0","94.0","94.0","94.0","94.0","94.0","94.0","94.0","94.0","94.4","94.4","94.4","94.4","94.4","94.4","94.4","94.4","94.4","94.4","94.4","94.4","94.4","94.4","94.4","94.4","94.4","94.4","94.4","94.4","208.9","208.9","208.9","208.9","208.9","208.9","208.9","208.9","208.9","208.9","208.9","208.9","208.9","208.9","208.9","208.9","208.9","208.9","208.9","208.9","208.9","208.9","208.9","208.9","247.0","247.0","247.0","247.0","247.0","247.0","247.0","247.0","247.0","247.0","247.0","247.0","247.0","247.0","247.0","247.0","305.3","305.3","305.3","305.3","305.3","305.3","305.3","305.3","305.3","305.3","305.3","305.3","305.3","305.3","305.3","#N/A","332.2938","#N/A","333.8","333.8","333.8","333.8","333.8","333.8","333.8","333.8","333.8","333.8","333.8","333.8","333.8","333.8","368.2","368.2","368.2","368.2","368.2","368.2","368.2","368.2","368.2","368.2","368.2","368.2","368.2","368.2","368.2","368.2","368.2","368.2","368.2","368.2","368.2","368.2","449.7","449.7","449.7","449.7","449.7","449.7","449.7","449.7","449.7","449.7","449.7","449.7","449.7","449.7","449.7","449.7","545.7","545.7","545.7","545.7","545.7","545.7","545.7","545.7"
"1963:Q3","50.3","50.3","50.3","50.4","50.4","50.4","50.4","50.4","50.4","50.4","50.4","50.4","50.4","50.4","50.4","50.4","50.4","50.4","50.4","50.4","50.4","50.4","50.4","50.4","50.4","50.4","50.4","50.4","50.4","50.4","50.4","50.4","50.4","50.4","50.4","50.4","50.4","50.4","50.4","50.4","50.4","96.5","96.5","96.5","96.5","96.5","96.5","96.5","96.5","96.5","96.5","96.5","96.5","96.5","96.5","96.5","96.5","96.5","96.5","96.5","96.5","96.9","96.9","96.9","96.9","96.9","96.9","96.9","96.9","96.9","96.9","96.9","96.9","96.9","96.9","96.9","96.9","96.9","96.9","96.9","96.9","214.6","214.6","214.6","214.6","214.6","214.6","214.6","214.6","214.6","214.6","214.6","214.6","214.6","214.6","214.6","214.6","214.6","214.6","214.6","214.6","214.6","214.6","214.6","214.6","253.6","253.6","253.6","253.6","253.6","253.6","253.6","253.6","253.6","253.6","253.6","253.6","253.6","253.6","253.6","253.6","313.4","313.4","313.4","313.4","313.4","313.4","313.4","313.4","313.4","313.4","313.4","313.4","313.4","313.4","313.4","#N/A","341.1977","#N/A","342.7","342.7","342.7","342.7","342.7","342.7","342.7","342.7","342.7","342.7","342.7","342.7","342.7","342.7","378.1","378.1","378.1","378.1","378.1","378.1","378.1","378.1","378.1","378.1","378.1","378.1","378.1","378.1","378.1","378.1","378.1","378.1","378.1","378.1","378.1","378.1","461.7","461.7","461.7","461.7","461.7","461.7","461.7","461.7","461.7","461.7","461.7","461.7","461.7","461.7","461.7","461.7","560.1","560.1","560.1","560.1","560.1","560.1","560.1","560.1"
"1963:Q4","50.8","50.8","50.8","50.9","50.9","50.9","50.9","50.9","50.9","50.9","50.9","50.9","50.9","50.9","50.9","50.9","50.9","50.9","50.9","50.9","50.9","50.9","50.9","50.9","50.9","50.9","50.9","50.9","50.9","50.9","50.9","50.9","50.9","50.9","50.9","50.9","50.9","50.9","50.9","50.9","50.9","97.9","97.9","97.9","97.9","97.9","97.9","97.9","97.9","97.9","97.9","97.9","97.9","97.9","97.9","97.9","97.9","97.9","97.9","97.9","97.9","98.2","98.2","98.2","98.2","98.2","98.2","98.2","98.2","98.2","98.2","98.2","98.2","98.2","98.2","98.2","98.2","98.2","98.2","98.2","98.2","217.5","217.5","217.5","217.5","217.5","217.5","217.5","217.5","217.5","217.5","217.5","217.5","217.5","217.5","217.5","217.5","217.5","217.5","217.5","217.5","217.5","217.5","217.5","217.5","257.1","257.1","257.1","257.1","257.1","257.1","257.1","257.1","257.1","257.1","257.1","257.1","257.1","257.1","257.1","257.1","317.9","317.9","317.9","317.9","317.9","317.9","317.9","317.9","317.9","317.9","317.9","317.9","317.9","317.9","317.9","#N/A","345.9167","#N/A","347.5","347.5","347.5","347.5","347.5","347.5","347.5","347.5","347.5","347.5","347.5","347.5","347.5","347.5","383.4","383.4","383.4","383.4","383.4","383.4","383.4","383.4","383.4","383.4","383.4","383.4","383.4","383.4","383.4","383.4","383.4","383.4","383.4","383.4","383.4","383.4","468.2","468.2","468.2","468.2","468.2","468.2","468.2","468.2","468.2","468.2","468.2","468.2","468.2","468.2","468.2","468.2","567.7","567.7","567.7","567.7","567.7","567.7","567.7","567.7"
"1964:Q1","51.7","51.7","51.7","52.0","52.0","52.0","52.0","51.9","51.9","51.9","51.9","51.9","51.9","51.9","51.9","51.9","51.9","51.9","51.9","51.9","51.9","51.9","51.9","51.9","51.9","51.9","51.9","51.9","51.9","51.9","51.9","51.9","51.9","51.9","51.9","51.9","51.9","51.9","51.9","51.9","51.9","99.5","99.5","99.5","99.5","99.5","99.5","99.5","99.5","99.5","99.5","99.5","99.5","99.5","99.5","99.5","99.5","99.5","99.5","99.5","99.5","99.9","99.9","99.9","99.9","99.9","99.9","99.9","99.9","99.9","99.9","99.9","99.9","99.9","99.9","99.9","99.9","99.9","99.9","99.9","99.9","220.9","220.9","220.9","220.9","220.9","220.9","220.9","220.9","220.9","220.9","220.9","220.9","220.9","220.9","220.9","220.9","220.9","220.9","220.9","220.9","220.9","220.9","220.9","220.9","261.1","261.1","261.1","261.1","261.1","261.1","261.1","261.1","261.1","261.1","261.1","261.1","261.1","261.1","261.1","261.1","322.9","322.9","322.9","322.9","322.9","322.9","322.9","322.9","322.9","322.9","322.9","322.9","322.9","322.9","322.9","#N/A","350.992","#N/A","352.6","352.6","352.6","352.6","352.6","352.6","352.6","352.6","352.6","352.6","352.6","352.6","352.6","352.6","389.1","389.1","389.1","389.1","389.1","389.1","389.1","389.1","389.1","389.1","389.1","389.1","389.1","389.1","389.1","389.1","389.1","389.1","389.1","389.1","389.1","389.1","475.2","475.2","475.2","475.2","475.2","475.2","475.2","475.2","475.2","475.2","475.2","475.2","475.2","475.2","475.2","475.2","576.2","576.2","576.2","576.2","576.2","576.2","576.2","576.2"
"1964:Q2","52.9","52.9","52.9","53.6","53.6","53.6","53.6","53.3","53.3","53.3","53.3","53.3","53.3","53.3","53.3","53.3","53.3","53.3","53.3","53.3","53.3","53.3","53.3","53.3","53.3","53.3","53.3","53.3","53.3","53.3","53.3","53.3","53.3","53.3","53.3","53.3","53.3","53.3","53.3","53.3","53.3","101.8","101.8","101.8","101.8","101.8","101.8","101.8","101.8","101.8","101.8","101.8","101.8","101.8","101.8","101.8","101.8","101.8","101.8","101.8","101.8","102.1","102.1","102.1","102.1","102.1","102.1","102.1","102.1","102.1","102.1","102.1","102.1","102.1","102.1","102.1","102.1","102.1","102.1","102.1","102.1","225.9","225.9","225.9","225.9","225.9","225.9","225.9","225.9","225.9","225.9","225.9","225.9","225.9","225.9","225.9","225.9","225.9","225.9","225.9","225.9","225.9","225.9","225.9","225.9","266.5","266.5","266.5","266.5","266.5","266.5","266.5","266.5","266.5","266.5","266.5","266.5","266.5","266.5","266.5","266.5","329.9","329.9","329.9","329.9","329.9","329.9","329.9","329.9","329.9","329.9","329.9","329.9","329.9","329.9","329.9","#N/A","359.0055","#N/A","360.7","360.7","360.7","360.7","360.7","360.7","360.7","360.7","360.7","360.7","360.7","360.7","360.7","360.7","398.0","398.0","398.0","398.0","398.0","398.0","398.0","398.0","398.0","398.0","398.0","398.0","398.0","398.0","398.0","398.0","398.0","398.0","398.0","398.0","398.0","398.0","486.0","486.0","486.0","486.0","486.0","486.0","486.0","486.0","486.1","486.1","486.1","486.1","486.1","486.1","486.1","486.1","589.2","589.2","589.2","589.2","589.2","589.2","589.2","589.2"
"1964:Q3","53.4","53.4","53.4","53.9","53.9","53.9","53.9","53.5","53.5","53.5","53.5","53.5","53.5","53.5","53.5","53.5","53.5","53.5","53.5","53.5","53.5","53.5","53.5","53.5","53.5","53.5","53.5","53.5","53.5","53.5","53.5","53.5","53.5","53.5","53.5","53.5","53.5","53.5","53.5","53.5","53.5","103.0","103.0","103.0","103.0","103.0","103.0","103.0","103.0","103.0","103.0","103.0","103.0","103.0","103.0","103.0","103.0","103.0","103.0","103.0","103.0","103.3","103.3","103.3","103.3","103.3","103.3","103.3","103.3","103.3","103.3","103.3","103.3","103.3","103.3","103.3","103.3","103.3","103.3","103.3","103.3","228.5","228.5","228.5","228.5","228.5","228.5","228.5","228.5","228.5","228.5","228.5","228.5","228.5","228.5","228.5","228.5","228.5","228.5","228.5","228.5","228.5","228.5","228.5","228.5","269.3","269.3","269.3","269.3","269.3","269.3","269.3","269.3","269.3","269.3","269.3","269.3","269.3","269.3","269.3","269.3","333.6","333.6","333.6","333.6","333.6","333.6","333.6","333.6","333.6","333.6","333.6","333.6","333.6","333.6","333.6","#N/A","363.0122","#N/A","364.6","364.6","364.6","364.6","364.6","364.6","364.6","364.6","364.6","364.6","364.6","364.6","364.6","364.6","402.3","402.3","402.3","402.3","402.3","402.3","402.3","402.3","402.3","402.3","402.3","402.3","402.3","402.3","402.3","402.3","402.3","402.3","402.3","402.3","402.3","402.3","491.4","491.4","491.4","491.4","491.4","491.4","491.4","491.4","491.4","491.4","491.4","491.4","491.4","491.4","491.4","491.4","595.5","595.5","595.5","595.5","595.5","595.5","595.5","595.5"
"1964:Q4","53.3","53.3","53.3","54.0","54.0","54.0","54.0","53.8","53.8","53.8","53.8","53.8","53.8","53.8","53.8","53.8","53.8","53.8","53.8","53.8","53.8","53.8","53.8","53.8","53.8","53.8","53.8","53.8","53.8","53.8","53.8","53.8","53.8","53.8","53.8","53.8","53.8","53.8","53.8","53.8","53.8","104.3","104.3","104.3","104.3","104.3","104.3","104.3","104.3","104.3","104.3","104.3","104.3","104.3","104.3","104.3","104.3","104.3","104.3","104.3","104.3","104.6","104.6","104.6","104.6","104.6","104.6","104.6","104.6","104.6","104.6","104.6","104.6","104.6","104.6","104.6","104.6","104.6","104.6","104.6","104.6","231.2","231.2","231.2","231.2","231.2","231.2","231.2","231.2","231.2","231.2","231.2","231.2","231.2","231.2","231.2","231.2","231.2","231.2","231.2","231.2","231.2","231.2","231.2","231.2","272.2","272.2","272.2","272.2","272.2","272.2","272.2","272.2","272.2","272.2","272.2","272.2","272.2","272.2","272.2","272.2","337.3","337.3","337.3","337.3","337.3","337.3","337.3","337.3","337.3","337.3","337.3","337.3","337.3","337.3","337.3","#N/A","366.7519","#N/A","368.5","368.5","368.5","368.5","368.5","368.5","368.5","368.5","368.5","368.5","368.5","368.5","368.5","368.5","406.6","406.6","406.6","406.6","406.6","406.6","406.6","406.6","406.6","406.6","406.6","406.6","406.6","406.6","406.6","406.6","406.6","406.6","406.6","406.6","406.6","406.6","496.6","496.6","496.6","496.6","496.6","496.6","496.6","496.6","496.6","496.6","496.6","496.6","496.6","496.6","496.6","496.6","601.8","601.8","601.8","601.8","601.8","601.8","601.8","601.8"
"1965:Q1","54.5","54.8","54.8","55.3","55.3","55.3","55.3","55.0","55.0","55.0","55.0","55.0","55.0","55.0","55.0","55.0","55.0","55.0","55.0","55.0","55.0","55.0","55.0","55.0","55.0","55.0","55.0","55.0","55.0","55.0","55.0","55.0","55.0","55.0","55.0","55.0","55.0","55.0","55.0","55.0","55.0","105.3","105.3","105.3","105.3","105.3","105.3","105.3","105.3","105.3","105.3","105.3","105.3","105.3","105.3","105.3","105.3","105.3","105.3","105.3","105.3","105.5","105.5","105.5","105.5","105.5","105.5","105.5","105.5","105.5","105.5","105.5","105.5","105.5","105.5","105.5","105.5","105.5","105.5","105.5","105.5","233.4","233.4","233.4","233.4","233.4","233.4","233.4","233.4","233.4","233.4","233.4","233.4","233.4","233.4","233.4","233.4","233.4","233.4","233.4","233.4","233.4","233.4","233.4","233.4","274.4","274.4","274.4","274.4","274.4","274.4","274.4","274.4","274.4","274.4","274.4","274.4","274.4","274.4","274.4","274.4","340.4","340.4","340.4","340.4","340.4","340.4","340.4","340.4","340.4","340.4","340.4","340.4","340.4","340.4","340.4","#N/A","370.2244","#N/A","372.0","372.0","372.0","372.0","372.0","372.0","372.0","372.0","372.0","372.0","372.0","372.0","372.0","372.0","410.4","410.4","410.4","410.4","410.4","410.4","410.4","410.4","410.4","410.4","410.4","410.4","410.4","410.4","410.4","410.4","410.4","410.4","410.4","410.4","410.4","410.4","501.3","501.3","501.3","501.3","501.3","501.3","501.3","501.3","501.3","501.3","501.3","501.3","501.3","501.3","501.3","501.3","607.1","607.1","607.1","607.1","607.1","607.1","607.1","607.1"
"1965:Q2","54.7","55.3","55.3","55.9","55.9","55.9","55.9","55.8","55.8","55.8","55.8","56.0","56.0","56.0","56.0","56.0","56.0","56.0","56.0","56.0","56.0","56.0","56.0","56.0","56.0","56.0","56.0","56.0","56.0","56.0","56.0","56.0","56.0","56.0","56.0","56.0","56.0","56.0","56.0","56.0","56.0","107.9","107.9","107.9","107.9","107.9","107.9","107.9","107.9","107.9","107.9","107.9","107.9","107.9","107.9","107.9","107.9","107.9","107.9","107.9","107.9","108.2","108.2","108.2","108.2","108.2","108.2","108.2","108.2","108.2","108.2","108.2","108.2","108.2","108.2","108.2","108.2","108.2","108.2","108.2","108.2","239.6","239.6","239.6","239.6","239.6","239.6","239.6","239.6","239.6","239.6","239.6","239.6","239.6","239.6","239.6","239.6","239.6","239.6","239.6","239.6","239.6","239.6","239.6","239.6","281.5","281.5","281.5","281.5","281.5","281.5","281.5","281.5","281.5","281.5","281.5","281.5","281.5","281.5","281.5","281.5","349.0","349.0","349.0","349.0","349.0","349.0","349.0","349.0","349.0","349.0","349.0","349.0","349.0","349.0","349.0","#N/A","379.5735","#N/A","381.4","381.4","381.4","381.4","381.4","381.4","381.4","381.4","381.4","381.4","381.4","381.4","381.4","381.4","420.8","420.8","420.8","420.8","420.8","420.8","420.8","420.8","420.8","420.8","420.8","420.8","420.8","420.8","420.8","420.8","420.8","420.8","420.8","420.8","420.8","420.8","514.0","514.0","514.0","514.0","514.0","514.0","514.0","514.0","514.0","514.0","514.0","514.0","514.0","514.0","514.0","514.0","622.6","622.6","622.6","622.6","622.6","622.6","622.6","622.6"
"1965:Q3","#N/A","56.0","56.0","56.7","56.7","56.7","56.7","56.7","56.7","56.7","56.7","57.4","57.4","57.4","57.4","57.4","57.4","57.4","57.4","57.4","57.4","57.4","57.4","57.4","57.4","57.4","57.4","57.4","57.4","57.4","57.4","57.4","57.4","57.4","57.4","57.4","57.4","57.4","57.4","57.4","57.4","110.7","110.7","110.7","110.7","110.7","110.7","110.7","110.7","110.7","110.7","110.7","110.7","110.7","110.7","110.7","110.7","110.7","110.7","110.7","110.7","111.3","111.3","111.3","111.3","111.3","111.3","111.3","111.3","111.3","111.3","111.3","111.3","111.3","111.3","111.3","111.3","111.3","111.3","111.3","111.3","246.6","246.6","246.6","246.6","246.6","246.6","246.6","246.6","246.6","246.6","246.6","246.6","246.6","246.6","246.6","246.6","246.6","246.6","246.6","246.6","246.6","246.6","246.6","246.6","289.5","289.5","289.5","289.5","289.5","289.5","289.5","289.5","289.5","289.5","289.5","289.5","289.5","289.5","289.5","289.5","359.1","359.1","359.1","359.1","359.1","359.1","359.1","359.1","359.1","359.1","359.1","359.1","359.1","359.1","359.1","#N/A","390.2582","#N/A","392.1","392.1","392.1","392.1","392.1","392.1","392.1","392.1","392.1","392.1","392.1","392.1","392.1","392.1","432.7","432.7","432.7","432.7","432.7","432.7","432.7","432.7","432.7","432.7","432.7","432.7","432.7","432.7","432.7","432.7","432.7","432.7","432.7","432.7","432.7","432.7","528.4","528.4","528.4","528.4","528.4","528.4","528.4","528.4","528.5","528.5","528.5","528.5","528.5","528.5","528.5","528.5","640.0","640.0","640.0","640.0","640.0","640.0","640.0","640.0"
"1965:Q4","#N/A","56.3","56.2","57.3","57.3","57.3","57.3","58.0","58.0","58.0","58.0","58.7","58.7","58.7","58.7","58.7","58.7","58.7","58.7","58.7","58.7","58.7","58.7","58.7","58.7","58.7","58.7","58.7","58.7","58.7","58.7","58.7","58.7","58.7","58.7","58.7","58.7","58.7","58.7","58.7","58.7","112.6","112.6","112.6","112.6","112.6","112.6","112.6","112.6","112.6","112.6","112.6","112.6","112.6","112.6","112.6","112.6","112.6","112.6","112.6","112.6","113.0","113.0","113.0","113.0","113.0","113.0","113.0","113.0","113.0","113.0","113.0","113.0","113.0","113.0","113.0","113.0","113.0","113.0","113.0","113.0","250.6","250.6","250.6","250.6","250.6","250.6","250.6","250.6","250.6","250.6","250.6","250.6","250.6","250.6","250.6","250.6","250.6","250.6","250.6","250.6","250.6","250.6","250.6","250.6","293.8","293.8","293.8","293.8","293.8","293.8","293.8","293.8","293.8","293.8","293.8","293.8","293.8","293.8","293.8","293.8","364.2","364.2","364.2","364.2","364.2","364.2","364.2","364.2","364.2","364.2","364.2","364.2","364.2","364.2","364.2","#N/A","395.9567","#N/A","397.9","397.9","397.9","397.9","397.9","397.9","397.9","397.9","397.9","397.9","397.9","397.9","397.9","397.9","438.9","438.9","438.9","438.9","438.9","438.9","438.9","438.9","438.9","438.9","438.9","438.9","438.9","438.9","438.9","438.9","438.9","438.9","438.9","438.9","438.9","438.9","536.0","536.0","536.0","536.0","536.0","536.0","536.0","536.0","536.1","536.1","536.1","536.1","536.1","536.1","536.1","536.1","649.4","649.4","649.4","649.4","649.4","649.4","649.4","649.4"
"1966:Q1","#N/A","#N/A","#N/A","57.9","57.9","57.9","57.9","58.7","58.7","58.7","58.7","59.6","59.6","59.6","59.6","59.4","59.4","59.4","59.4","59.4","59.4","59.4","59.4","59.4","59.4","59.4","59.4","59.4","59.4","59.4","59.4","59.4","59.4","59.4","59.4","59.4","59.4","59.4","59.4","59.4","59.4","114.2","114.2","114.2","114.2","114.2","114.2","114.2","114.2","114.2","114.2","114.2","114.2","114.2","114.2","114.2","114.2","114.2","114.2","114.2","114.2","114.7","114.7","114.7","114.7","114.7","114.7","114.7","114.7","114.7","114.7","114.7","114.7","114.7","114.7","114.7","114.7","114.7","114.7","114.7","114.7","254.1","254.1","254.1","254.1","254.1","254.1","254.1","254.1","254.1","254.1","254.1","254.1","254.1","254.1","254.1","254.1","254.1","254.1","254.1","254.1","254.1","254.1","254.1","254.1","297.9","297.9","297.9","297.9","297.9","297.9","297.9","297.9","297.9","297.9","297.9","297.9","297.9","297.9","297.9","297.9","369.4","369.4","369.4","369.4","369.4","369.4","369.4","369.4","369.4","369.4","369.4","369.4","369.4","369.4","369.4","#N/A","401.0319","#N/A","403.0","403.0","403.0","403.0","403.0","403.0","403.0","403.0","403.0","403.0","403.0","403.0","403.0","403.0","444.4","444.4","444.4","444.4","444.4","444.4","444.4","444.4","444.4","444.4","444.4","444.4","444.4","444.4","444.4","444.4","444.4","444.4","444.4","444.4","444.4","444.4","542.7","542.7","542.7","542.7","542.7","542.7","542.7","542.7","542.7","542.7","542.7","542.7","542.7","542.7","542.7","542.7","657.1","657.1","657.1","657.1","657.1","657.1","657.1","657.1"
"1966:Q2","#N/A","#N/A","#N/A","#N/A","58.5","58.5","58.5","59.4","59.4","59.4","59.4","60.7","60.7","60.7","60.7","60.5","60.5","60.5","60.5","60.5","60.5","60.5","60.5","60.5","60.5","60.5","60.5","60.5","60.5","60.5","60.5","60.5","60.5","60.5","60.5","60.5","60.5","60.5","60.5","60.5","60.5","115.7","115.7","115.7","115.7","115.7","115.7","115.7","115.7","115.7","115.7","115.7","115.7","115.7","115.7","115.7","115.7","115.7","115.7","115.7","115.7","116.0","116.0","116.0","116.0","116.0","116.0","116.0","116.0","116.0","116.0","116.0","116.0","116.0","116.0","116.0","116.0","116.0","116.0","116.0","116.0","256.2","256.2","256.2","256.2","256.2","256.2","256.2","256.2","256.2","256.2","256.2","256.2","256.2","256.2","256.2","256.2","256.2","256.2","256.2","256.2","256.2","256.2","256.2","256.2","300.2","300.2","300.2","300.2","300.2","300.2","300.2","300.2","300.2","300.2","300.2","300.2","300.2","300.2","300.2","300.2","372.3","372.3","372.3","372.3","372.3","372.3","372.3","372.3","372.3","372.3","372.3","372.3","372.3","372.3","372.3","#N/A","404.1483","#N/A","406.1","406.1","406.1","406.1","406.1","406.1","406.1","406.1","406.1","406.1","406.1","406.1","406.1","406.1","447.8","447.8","447.8","447.8","447.8","447.8","447.8","447.8","447.8","447.8","447.8","447.8","447.8","447.8","447.8","447.8","447.8","447.8","447.8","447.8","447.8","447.8","546.8","546.8","546.8","546.8","546.8","546.8","546.8","546.8","546.9","546.9","546.9","546.9","546.9","546.9","546.9","546.9","662.2","662.2","662.2","662.2","662.2","662.2","662.2","662.2"
"1966:Q3","#N/A","#N/A","#N/A","#N/A","#N/A","59.4","59.4","60.1","60.1","60.1","60.1","61.6","61.6","61.6","61.6","61.4","61.4","61.4","61.4","61.4","61.4","61.4","61.4","61.4","61.4","61.4","61.4","61.4","61.4","61.4","61.4","61.4","61.4","61.4","61.4","61.4","61.4","61.4","61.4","61.4","61.4","116.9","116.9","116.9","116.9","116.9","116.9","116.9","116.9","116.9","116.9","116.9","116.9","116.9","116.9","116.9","116.9","116.9","116.9","116.9","116.9","117.2","117.2","117.2","117.2","117.2","117.2","117.2","117.2","117.2","117.2","117.2","117.2","117.2","117.2","117.2","117.2","117.2","117.2","117.2","117.2","259.0","259.0","259.0","259.0","259.0","259.0","259.0","259.0","259.0","259.0","259.0","259.0","259.0","259.0","259.0","259.0","259.0","259.0","259.0","259.0","259.0","259.0","259.0","259.0","303.3","303.3","303.3","303.3","303.3","303.3","303.3","303.3","303.3","303.3","303.3","303.3","303.3","303.3","303.3","303.3","376.3","376.3","376.3","376.3","376.3","376.3","376.3","376.3","376.3","376.3","376.3","376.3","376.3","376.3","376.3","#N/A","408.7783","#N/A","410.7","410.7","410.7","410.7","410.7","410.7","410.7","410.7","410.7","410.7","410.7","410.7","410.7","410.7","453.0","453.0","453.0","453.0","453.0","453.0","453.0","453.0","453.0","453.0","453.0","453.0","453.0","453.0","453.0","453.0","453.0","453.0","453.0","453.0","453.0","453.0","553.2","553.2","553.2","553.2","553.2","553.2","553.2","553.2","553.3","553.3","553.3","553.3","553.3","553.3","553.3","553.3","669.9","669.9","669.9","669.9","669.9","669.9","669.9","669.9"
"1966:Q4","#N/A","#N/A","#N/A","#N/A","#N/A","60.6","60.7","61.3","61.3","61.3","61.3","63.4","63.4","63.4","63.4","63.0","63.0","63.0","63.0","63.0","63.0","63.0","63.0","63.0","63.0","63.0","63.0","63.0","63.0","63.0","63.0","63.0","63.0","63.0","63.0","63.0","63.0","63.0","63.0","63.0","63.0","120.3","120.3","120.3","120.3","120.3","120.3","120.3","120.3","120.3","120.3","120.3","120.3","120.3","120.3","120.3","120.3","120.3","120.3","120.3","120.3","120.4","120.4","120.4","120.4","120.4","120.4","120.4","120.4","120.4","120.4","120.4","120.4","120.4","120.4","120.4","120.4","120.4","120.4","120.4","120.4","265.8","265.8","265.8","265.8","265.8","265.8","265.8","265.8","265.8","265.8","265.8","265.8","265.8","265.8","265.8","265.8","265.8","265.8","265.8","265.8","265.8","265.8","265.8","265.8","310.9","310.9","310.9","310.9","310.9","310.9","310.9","310.9","310.9","310.9","310.9","310.9","310.9","310.9","310.9","310.9","385.8","385.8","385.8","385.8","385.8","385.8","385.8","385.8","385.8","385.8","385.8","385.8","385.8","385.8","385.8","#N/A","419.1959","#N/A","421.2","421.2","421.2","421.2","421.2","421.2","421.2","421.2","421.2","421.2","421.2","421.2","421.2","421.2","464.6","464.6","464.6","464.6","464.6","464.6","464.6","464.6","464.6","464.6","464.6","464.6","464.6","464.6","464.6","464.6","464.6","464.6","464.6","464.6","464.6","464.6","567.4","567.4","567.4","567.4","567.4","567.4","567.4","567.4","567.5","567.5","567.5","567.5","567.5","567.5","567.5","567.5","686.9","686.9","686.9","686.9","686.9","686.9","686.9","686.9"
"1967:Q1","#N/A","#N/A","#N/A","#N/A","#N/A","#N/A","#N/A","63.2","63.2","63.2","63.2","65.4","65.4","65.4","65.4","64.8","64.8","64.8","64.8","64.9","64.9","64.9","64.9","64.9","64.9","64.9","64.9","64.9","64.9","64.9","64.9","64.9","64.9","64.9","64.9","64.9","64.9","64.9","64.9","64.9","64.9","121.7","121.7","121.7","121.7","121.7","121.7","121.7","121.7","121.7","121.7","121.7","121.7","121.7","121.7","121.7","121.7","121.7","121.7","121.7","121.7","121.7","121.7","121.7","121.7","121.7","121.7","121.7","121.7","121.7","121.7","121.7","121.7","121.7","121.7","121.7","121.7","121.7","121.7","121.7","121.7","268.8","268.8","268.8","268.8","268.8","268.8","268.8","268.8","268.8","268.8","268.8","268.8","268.8","268.8","268.8","268.8","268.8","268.8","268.8","268.8","268.8","268.8","268.8","268.8","313.9","313.9","313.9","313.9","313.9","313.9","313.9","313.9","313.9","313.9","313.9","313.9","313.9","313.9","313.9","313.9","390.2","390.2","390.2","390.2","390.2","390.2","390.2","390.2","390.2","390.2","390.2","390.2","390.2","390.2","390.2","#N/A","424.093","#N/A","426.2","426.2","426.2","426.2","426.2","426.2","426.2","426.2","426.2","426.2","426.2","426.2","426.2","426.2","470.4","470.4","470.4","470.4","470.4","470.4","470.4","470.4","470.4","470.4","470.4","470.4","470.4","470.4","470.4","470.4","470.4","470.4","470.4","470.4","470.4","470.4","574.5","574.5","574.5","574.5","574.5","574.5","574.5","574.5","574.5","574.5","574.5","574.5","574.5","574.5","574.5","574.5","695.2","695.2","695.2","695.2","695.2","695.2","695.2","695.2"
"1967:Q2","#N/A","#N/A","#N/A","#N/A","#N/A","#N/A","#N/A","#N/A","64.3","64.3","64.3","66.0","66.0","66.0","66.0","65.0","65.0","65.0","65.0","65.3","65.3","65.3","65.3","65.3","65.3","65.3","65.3","65.3","65.3","65.3","65.3","65.3","65.3","65.3","65.3","65.3","65.3","65.3","65.3","65.3","65.3","122.5","122.5","122.5","122.5","122.5","122.5","122.5","122.5","122.5","122.5","122.5","122.5","122.5","122.5","122.5","122.5","122.5","122.5","122.5","122.5","122.4","122.4","122.4","122.4","122.4","122.4","122.4","122.4","122.4","122.4","122.4","122.4","122.4","122.4","122.4","122.4","122.4","122.4","122.4","122.4","270.3","270.3","270.3","270.3","270.3","270.3","270.3","270.3","270.3","270.3","270.3","270.3","270.3","270.3","270.3","270.3","270.3","270.3","270.3","270.3","270.3","270.3","270.3","270.3","315.5","315.5","315.5","315.5","315.5","315.5","315.5","315.5","315.5","315.5","315.5","315.5","315.5","315.5","315.5","315.5","392.2","392.2","392.2","392.2","392.2","392.2","392.2","392.2","392.2","392.2","392.2","392.2","392.2","392.2","392.2","#N/A","426.408","#N/A","428.5","428.5","428.5","428.5","428.5","428.5","428.5","428.5","428.5","428.5","428.5","428.5","428.5","428.5","472.9","472.9","472.9","472.9","472.9","472.9","472.9","472.9","472.9","472.9","472.9","472.9","472.9","472.9","472.9","472.9","472.9","472.9","472.9","472.9","472.9","472.9","577.6","577.6","577.6","577.6","577.6","577.6","577.6","577.6","577.6","577.6","577.6","577.6","577.6","577.6","577.6","577.6","699.0","699.0","699.0","699.0","699.0","699.0","699.0","699.0"
"1967:Q3","#N/A","#N/A","#N/A","#N/A","#N/A","#N/A","#N/A","#N/A","#N/A","64.9","64.9","65.8","65.8","65.8","65.8","64.9","64.9","64.9","64.9","65.3","65.3","65.3","65.3","65.3","65.3","65.3","65.3","65.3","65.3","65.3","65.3","65.3","65.3","65.3","65.3","65.3","65.3","65.3","65.3","65.3","65.3","123.1","123.1","123.1","123.1","123.1","123.1","123.1","123.1","123.1","123.1","123.1","123.1","123.1","123.1","123.1","123.1","123.1","123.1","123.1","123.1","123.5","123.5","123.5","123.5","123.5","123.5","123.5","123.5","123.5","123.5","123.5","123.5","123.5","123.5","123.5","123.5","123.5","123.5","123.5","123.5","271.5","271.5","271.5","271.5","271.5","271.5","271.5","271.5","271.5","271.5","271.5","271.5","271.5","271.5","271.5","271.5","271.5","271.5","271.5","271.5","271.5","271.5","271.5","271.5","316.7","316.7","316.7","316.7","316.7","316.7","316.7","316.7","316.7","316.7","316.7","316.7","316.7","316.7","316.7","316.7","393.9","393.9","393.9","393.9","393.9","393.9","393.9","393.9","393.9","393.9","393.9","393.9","393.9","393.9","393.9","#N/A","428.0998","#N/A","430.2","430.2","430.2","430.2","430.2","430.2","430.2","430.2","430.2","430.2","430.2","430.2","430.2","430.2","474.8","474.8","474.8","474.8","474.8","474.8","474.8","474.8","474.8","474.8","474.8","474.8","474.8","474.8","474.8","474.8","474.8","474.8","474.8","474.8","474.8","474.8","579.9","579.9","579.9","579.9","579.9","579.9","579.9","579.9","579.9","579.9","579.9","579.9","579.9","579.9","579.9","579.9","701.7","701.7","701.7","701.7","701.7","701.7","701.7","701.7"
"1967:Q4","#N/A","#N/A","#N/A","#N/A","#N/A","#N/A","#N/A","#N/A","#N/A","66.0","66.0","66.4","66.4","66.4","66.4","66.0","66.0","66.0","66.0","66.7","66.7","66.7","66.7","66.7","66.7","66.7","66.7","66.7","66.7","66.7","66.7","66.7","66.7","66.7","66.7","66.7","66.7","66.7","66.7","66.7","66.7","125.0","125.0","125.0","125.0","125.0","125.0","125.0","125.0","125.0","125.0","125.0","125.0","125.0","125.0","125.0","125.0","125.0","125.0","125.0","125.0","125.9","125.9","125.9","125.9","125.9","125.9","125.9","125.9","125.9","125.9","125.9","125.9","125.9","125.9","125.9","125.9","125.9","125.9","125.9","125.9","276.5","276.5","276.5","276.5","276.5","276.5","276.5","276.5","276.5","276.5","276.5","276.5","276.5","276.5","276.5","276.5","276.5","276.5","276.5","276.5","276.5","276.5","276.5","276.5","321.7","321.7","321.7","321.7","321.7","321.7","321.7","321.7","321.7","321.7","321.7","321.7","321.7","321.7","321.7","321.7","400.6","400.6","400.6","400.6","400.6","400.6","400.6","400.6","400.6","400.6","400.6","400.6","400.6","400.6","400.6","#N/A","435.49","#N/A","437.7","437.7","437.7","437.7","437.7","437.7","437.7","437.7","437.7","437.7","437.7","437.7","437.7","437.7","483.1","483.1","483.1","483.1","483.1","483.1","483.1","483.1","483.1","483.1","483.1","483.1","483.1","483.1","483.1","483.1","483.1","483.1","483.1","483.1","483.1","483.1","590.0","590.0","590.0","590.0","590.0","590.0","590.0","590.0","590.0","590.0","590.0","590.0","590.0","590.0","590.0","590.0","714.1","714.1","714.1","714.1","714.1","714.1","714.1","714.1"
"1968:Q1","#N/A","#N/A","#N/A","#N/A","#N/A","#N/A","#N/A","#N/A","#N/A","#N/A","#N/A","68.4","68.4","68.4","68.4","68.3","68.3","68.3","68.3","68.9","68.9","68.9","68.9","68.5","68.5","68.5","68.5","68.5","68.5","68.5","68.5","68.5","68.5","68.5","68.5","68.5","68.5","68.5","68.5","68.5","68.5","128.4","128.4","128.4","128.4","128.4","128.4","128.4","128.4","128.4","128.4","128.4","128.4","128.4","128.4","128.4","128.4","128.4","128.4","128.4","128.4","128.7","128.7","128.7","128.7","128.7","128.7","128.7","128.7","128.7","128.7","128.7","128.7","128.7","128.7","128.7","128.7","128.7","128.7","128.7","128.7","281.1","281.1","281.1","281.1","281.1","281.1","281.1","281.1","281.1","281.1","281.1","281.1","281.1","281.1","281.1","281.1","281.1","281.1","281.1","281.1","281.1","281.1","281.1","281.1","326.5","326.5","326.5","326.5","326.5","326.5","326.5","326.5","326.5","326.5","326.5","326.5","326.5","326.5","326.5","326.5","407.1","407.1","407.1","407.1","407.1","407.1","407.1","407.1","407.1","407.1","407.1","407.1","407.1","407.1","407.1","#N/A","443.4145","#N/A","445.7","445.7","445.7","445.7","445.7","445.7","445.7","445.7","445.7","445.7","445.7","445.7","445.7","445.7","491.5","491.5","491.5","491.5","491.5","491.5","491.5","491.5","491.5","491.5","491.5","491.5","491.5","491.5","491.5","491.5","491.5","491.5","491.5","491.5","491.5","491.5","600.3","600.3","600.3","600.3","600.3","600.3","600.3","600.3","600.4","600.4","600.4","600.4","600.4","600.4","600.4","600.4","727.1","727.1","727.1","727.1","727.1","727.1","727.1","727.1"
"1968:Q2","#N/A","#N/A","#N/A","#N/A","#N/A","#N/A","#N/A","#N/A","#N/A","#N/A","#N/A","#N/A","69.1","69.1","69.1","69.3","69.3","69.3","69.3","69.4","69.4","69.4","69.4","69.4","69.4","69.4","69.4","69.4","69.4","69.4","69.4","69.4","69.4","69.4","69.4","69.4","69.4","69.4","69.4","69.4","69.4","130.4","130.4","130.4","130.4","130.4","130.4","130.4","130.4","130.4","130.4","130.4","130.4","130.4","130.4","130.4","130.4","130.4","130.4","130.4","130.4","131.4","131.4","131.4","131.4","131.4","131.4","131.4","131.4","131.4","131.4","131.4","131.4","131.4","131.4","131.4","131.4","131.4","131.4","131.4","131.4","287.1","287.1","287.1","287.1","287.1","287.1","287.1","287.1","287.1","287.1","287.1","287.1","287.1","287.1","287.1","287.1","287.1","287.1","287.1","287.1","287.1","287.1","287.1","287.1","332.8","332.8","332.8","332.8","332.8","332.8","332.8","332.8","332.8","332.8","332.8","332.8","332.8","332.8","332.8","332.8","414.9","414.9","414.9","414.9","414.9","414.9","414.9","414.9","414.9","414.9","414.9","414.9","414.9","414.9","414.9","#N/A","451.8732","#N/A","454.3","454.3","454.3","454.3","454.3","454.3","454.3","454.3","454.3","454.3","454.3","454.3","454.3","454.3","501.1","501.1","501.1","501.1","501.1","501.1","501.1","501.1","501.1","501.1","501.1","501.1","501.1","501.1","501.1","501.1","501.1","501.1","501.1","501.1","501.1","501.1","612.0","612.0","612.0","612.0","612.0","612.0","612.0","612.0","612.1","612.1","612.1","612.1","612.1","612.1","612.1","612.1","741.2","741.2","741.2","741.2","741.2","741.2","741.2","741.2"
"1968:Q3","#N/A","#N/A","#N/A","#N/A","#N/A","#N/A","#N/A","#N/A","#N/A","#N/A","#N/A","#N/A","#N/A","70.6","70.6","69.6","69.6","69.6","69.6","69.4","69.4","69.4","69.4","69.7","69.7","69.7","69.7","69.7","69.7","69.7","69.7","69.7","69.7","69.7","69.7","69.7","69.7","69.7","69.7","69.7","69.7","131.4","131.4","131.4","131.4","131.4","131.4","131.4","131.4","131.4","131.4","131.4","131.4","131.4","131.4","131.4","131.4","131.4","131.4","131.4","131.4","133.4","133.4","133.4","133.4","133.4","133.4","133.4","133.4","133.4","133.4","133.4","133.4","133.4","133.4","133.4","133.4","133.4","133.4","133.4","133.4","290.7","290.7","290.7","290.7","290.7","290.7","290.7","290.7","290.7","290.7","290.7","290.7","290.7","290.7","290.7","290.7","290.7","290.7","290.7","290.7","290.7","290.7","290.7","290.7","336.4","336.4","336.4","336.4","336.4","336.4","336.4","336.4","336.4","336.4","336.4","336.4","336.4","336.4","336.4","336.4","420.4","420.4","420.4","420.4","420.4","420.4","420.4","420.4","420.4","420.4","420.4","420.4","420.4","420.4","420.4","#N/A","458.1059","#N/A","460.4","460.4","460.4","460.4","460.4","460.4","460.4","460.4","460.4","460.4","460.4","460.4","460.4","460.4","508.3","508.3","508.3","508.3","508.3","508.3","508.3","508.3","508.3","508.3","508.3","508.3","508.3","508.3","508.3","508.3","508.3","508.3","508.3","508.3","508.3","508.3","620.8","620.8","620.8","620.8","620.8","620.8","620.8","620.8","620.9","620.9","620.9","620.9","620.9","620.9","620.9","620.9","751.9","751.9","751.9","751.9","751.9","751.9","751.9","751.9"
"1968:Q4","#N/A","#N/A","#N/A","#N/A","#N/A","#N/A","#N/A","#N/A","#N/A","#N/A","#N/A","#N/A","#N/A","71.6","71.8","70.8","70.8","70.8","70.8","70.6","70.6","70.6","70.6","70.9","70.9","70.9","70.9","70.9","70.9","70.9","70.9","70.9","70.9","70.9","70.9","70.9","70.9","70.9","70.9","70.9","70.9","133.5","133.5","133.5","133.5","133.5","133.5","133.5","133.5","133.5","133.5","133.5","133.5","133.5","133.5","133.5","133.5","133.5","133.5","133.5","133.5","134.6","134.6","134.6","134.6","134.6","134.6","134.6","134.6","134.6","134.6","134.6","134.6","134.6","134.6","134.6","134.6","134.6","134.6","134.6","134.6","293.2","293.2","293.2","293.2","293.2","293.2","293.2","293.2","293.2","293.2","293.2","293.2","293.2","293.2","293.2","293.2","293.2","293.2","293.2","293.2","293.2","293.2","293.2","293.2","339.1","339.1","339.1","339.1","339.1","339.1","339.1","339.1","339.1","339.1","339.1","339.1","339.1","339.1","339.1","339.1","423.6","423.6","423.6","423.6","423.6","423.6","423.6","423.6","423.6","423.6","423.6","423.6","423.6","423.6","423.6","#N/A","461.6675","#N/A","463.8","463.8","463.8","463.8","463.8","463.8","463.8","463.8","463.8","463.8","463.8","463.8","463.8","463.8","512.7","512.7","512.7","512.7","512.7","512.7","512.7","512.7","512.7","512.7","512.7","512.7","512.7","512.7","512.7","512.7","512.7","512.7","512.7","512.7","512.7","512.7","626.2","626.2","626.2","626.2","626.2","626.2","626.2","626.2","626.2","626.2","626.2","626.2","626.2","626.2","626.2","626.2","758.1","758.1","758.1","758.1","758.1","758.1","758.1","758.1"
"1969:Q1","#N/A","#N/A","#N/A","#N/A","#N/A","#N/A","#N/A","#N/A","#N/A","#N/A","#N/A","#N/A","#N/A","#N/A","#N/A","72.3","72.3","72.3","72.3","71.5","71.5","71.5","71.5","71.4","71.4","71.4","71.4","71.4","71.4","71.4","71.4","71.4","71.4","71.4","71.4","71.4","71.4","71.4","71.4","71.4","71.4","133.7","133.7","133.7","133.7","133.7","133.7","133.7","133.7","133.7","133.7","133.7","133.7","133.7","133.7","133.7","133.7","133.7","133.7","133.7","133.7","135.0","135.0","135.0","135.0","135.0","135.0","135.0","135.0","135.0","135.0","135.0","135.0","135.0","135.0","135.0","135.0","135.0","135.0","135.0","135.0","294.2","294.2","294.2","294.2","294.2","294.2","294.2","294.2","294.2","294.2","294.2","294.2","294.2","294.2","294.2","294.2","294.2","294.2","294.2","294.2","294.2","294.2","294.2","294.2","340.4","340.4","340.4","340.4","340.4","340.4","340.4","340.4","340.4","340.4","340.4","340.4","340.4","340.4","340.4","340.4","425.7","425.7","425.7","425.7","425.7","425.7","425.7","425.7","425.7","425.7","425.7","425.7","425.7","425.7","425.7","#N/A","464.6948","#N/A","466.7","466.7","466.7","466.7","466.7","466.7","466.7","466.7","466.7","466.7","466.7","466.7","466.7","466.7","516.9","516.9","516.9","516.9","516.9","516.9","516.9","516.9","516.9","516.9","516.9","516.9","516.9","516.9","516.9","516.9","516.9","516.9","516.9","516.9","516.9","516.9","631.3","631.3","631.3","631.3","631.3","631.3","631.3","631.3","631.3","631.3","631.3","631.3","631.3","631.3","631.3","631.3","765.0","765.0","765.0","765.0","765.0","765.0","765.0","765.0"
"1969:Q2","#N/A","#N/A","#N/A","#N/A","#N/A","#N/A","#N/A","#N/A","#N/A","#N/A","#N/A","#N/A","#N/A","#N/A","#N/A","#N/A","73.9","73.9","73.9","72.1","72.1","72.1","72.1","72.1","72.1","72.1","72.1","72.4","72.4","72.4","72.4","72.4","72.4","72.4","72.4","72.4","72.4","72.4","72.4","72.4","72.4","135.0","135.0","135.0","135.0","135.0","135.0","135.0","135.0","135.0","135.0","135.0","135.0","135.0","135.0","135.0","135.0","135.0","135.0","135.0","135.0","135.7","135.7","135.7","135.7","135.7","135.7","135.7","135.7","135.7","135.7","135.7","135.7","135.7","135.7","135.7","135.7","135.7","135.7","135.7","135.7","296.2","296.2","296.2","296.2","296.2","296.2","296.2","296.2","296.2","296.2","296.2","296.2","296.2","296.2","296.2","296.2","296.2","296.2","296.2","296.2","296.2","296.2","296.2","296.2","342.7","342.7","342.7","342.7","342.7","342.7","342.7","342.7","342.7","342.7","342.7","342.7","342.7","342.7","342.7","342.7","428.8","428.8","428.8","428.8","428.8","428.8","428.8","428.8","428.8","428.8","428.8","428.8","428.8","428.8","428.8","#N/A","468.3454","#N/A","470.1","470.1","470.1","470.1","470.1","470.1","470.1","470.1","470.1","470.1","470.1","470.1","470.1","470.1","521.2","521.2","521.2","521.2","521.2","521.2","521.2","521.2","521.2","521.2","521.2","521.2","521.2","521.2","521.2","521.2","521.2","521.2","521.2","521.2","521.2","521.2","636.7","636.7","636.7","636.7","636.7","636.7","636.7","636.7","636.6","636.6","636.6","636.6","636.6","636.6","636.6","636.6","771.5","771.5","771.5","771.5","771.5","771.5","771.5","771.5"
"1969:Q3","#N/A","#N/A","#N/A","#N/A","#N/A","#N/A","#N/A","#N/A","#N/A","#N/A","#N/A","#N/A","#N/A","#N/A","#N/A","#N/A","#N/A","73.9","73.9","72.1","72.1","72.1","72.1","71.6","71.6","71.6","71.6","72.7","72.7","72.7","72.7","72.7","72.7","72.7","72.7","72.7","72.7","72.7","72.7","72.7","72.7","135.1","135.1","135.1","135.1","135.1","135.1","135.1","135.1","135.1","135.1","135.1","135.1","135.1","135.1","135.1","135.1","135.1","135.1","135.1","135.1","136.0","136.0","136.0","136.0","136.0","136.0","136.0","136.0","136.0","136.0","136.0","136.0","136.0","136.0","136.0","136.0","136.0","136.0","136.0","136.0","296.2","296.2","296.2","296.2","296.2","296.2","296.2","296.2","296.2","296.2","296.2","296.2","296.2","296.2","296.2","296.2","296.2","296.2","296.2","296.2","296.2","296.2","296.2","296.2","342.4","342.4","342.4","342.4","342.4","342.4","342.4","342.4","342.4","342.4","342.4","342.4","342.4","342.4","342.4","342.4","429.3","429.3","429.3","429.3","429.3","429.3","429.3","429.3","429.3","429.3","429.3","429.3","429.3","429.3","429.3","#N/A","469.0577","#N/A","470.8","470.8","470.8","470.8","470.8","470.8","470.8","470.8","470.8","470.8","470.8","470.8","470.8","470.8","522.3","522.3","522.3","522.3","522.3","522.3","522.3","522.3","522.3","522.3","522.3","522.3","522.3","522.3","522.3","522.3","522.3","522.3","522.3","522.3","522.3","522.3","638.0","638.0","638.0","638.0","638.0","638.0","638.0","638.0","638.0","638.0","638.0","638.0","638.0","638.0","638.0","638.0","773.5","773.5","773.5","773.5","773.5","773.5","773.5","773.5"
"1969:Q4","#N/A","#N/A","#N/A","#N/A","#N/A","#N/A","#N/A","#N/A","#N/A","#N/A","#N/A","#N/A","#N/A","#N/A","#N/A","#N/A","#N/A","74.7","74.6","72.9","72.9","72.9","72.9","72.2","72.2","72.2","72.2","73.1","73.1","73.1","73.1","73.1","73.1","73.1","73.1","73.1","73.1","73.1","73.1","73.1","73.1","135.7","135.7","135.7","135.7","135.7","135.7","135.7","135.7","135.7","135.7","135.7","135.7","135.7","135.7","135.7","135.7","135.7","135.7","135.7","135.7","135.9","135.9","135.9","135.9","135.9","135.9","135.9","135.9","135.9","135.9","135.9","135.9","135.9","135.9","135.9","135.9","135.9","135.9","135.9","135.9","295.8","295.8","295.8","295.8","295.8","295.8","295.8","295.8","295.8","295.8","295.8","295.8","295.8","295.8","295.8","295.8","295.8","295.8","295.8","295.8","295.8","295.8","295.8","295.8","342.0","342.0","342.0","342.0","342.0","342.0","342.0","342.0","342.0","342.0","342.0","342.0","342.0","342.0","342.0","342.0","428.2","428.2","428.2","428.2","428.2","428.2","428.2","428.2","428.2","428.2","428.2","428.2","428.2","428.2","428.2","#N/A","468.0783","#N/A","469.7","469.7","469.7","469.7","469.7","469.7","469.7","469.7","469.7","469.7","469.7","469.7","469.7","469.7","521.2","521.2","521.2","521.2","521.2","521.2","521.2","521.2","521.2","521.2","521.2","521.2","521.2","521.2","521.2","521.2","521.2","521.2","521.2","521.2","521.2","521.2","636.6","636.6","636.6","636.6","636.6","636.6","636.6","636.6","636.6","636.6","636.6","636.6","636.6","636.6","636.6","636.6","772.2","772.2","772.2","772.2","772.2","772.2","772.2","772.2"
"1970:Q1","#N/A","#N/A","#N/A","#N/A","#N/A","#N/A","#N/A","#N/A","#N/A","#N/A","#N/A","#N/A","#N/A","#N/A","#N/A","#N/A","#N/A","#N/A","75.3","73.8","73.8","73.8","73.8","73.2","73.2","73.2","73.2","73.5","73.5","73.5","73.5","73.7","73.7","73.7","73.7","73.7","73.7","73.7","73.7","73.7","73.7","136.9","136.9","136.9","136.9","136.9","136.9","136.9","136.9","136.9","136.9","136.9","136.9","136.9","136.9","136.9","136.9","136.9","136.9","136.9","136.9","137.6","137.6","137.6","137.6","137.6","137.6","137.6","137.6","137.6","137.6","137.6","137.6","137.6","137.6","137.6","137.6","137.6","137.6","137.6","137.6","298.8","298.8","298.8","298.8","298.8","298.8","298.8","298.8","298.8","298.8","298.8","298.8","298.8","298.8","298.8","298.8","298.8","298.8","298.8","298.8","298.8","298.8","298.8","298.8","345.2","345.2","345.2","345.2","345.2","345.2","345.2","345.2","345.2","345.2","345.2","345.2","345.2","345.2","345.2","345.2","432.5","432.5","432.5","432.5","432.5","432.5","432.5","432.5","432.5","432.5","432.5","432.5","432.5","432.5","432.5","#N/A","472.7974","#N/A","474.4","474.4","474.4","474.4","474.4","474.4","474.4","474.4","474.4","474.4","474.4","474.4","474.4","474.4","526.0","526.0","526.0","526.0","526.0","526.0","526.0","526.0","526.0","526.0","526.0","526.0","526.0","526.0","526.0","526.0","526.0","526.0","526.0","526.0","526.0","526.0","642.5","642.5","642.5","642.5","642.5","642.5","642.5","642.5","642.6","642.6","642.6","642.6","642.6","642.6","642.6","642.6","779.6","779.6","779.6","779.6","779.6","779.6","779.6","779.6"
"1970:Q2","#N/A","#N/A","#N/A","#N/A","#N/A","#N/A","#N/A","#N/A","#N/A","#N/A","#N/A","#N/A","#N/A","#N/A","#N/A","#N/A","#N/A","#N/A","#N/A","73.6","73.5","73.5","73.5","73.4","73.4","73.4","73.4","73.8","73.8","73.8","73.8","74.6","74.6","74.6","74.6","74.6","74.6","74.6","74.6","74.6","74.6","137.9","137.9","137.9","137.9","137.9","137.9","137.9","137.9","137.9","137.9","137.9","137.9","137.9","137.9","137.9","137.9","137.9","137.9","137.9","137.9","138.7","138.7","138.7","138.7","138.7","138.7","138.7","138.7","138.7","138.7","138.7","138.7","138.7","138.7","138.7","138.7","138.7","138.7","138.7","138.7","300.8","300.8","300.8","300.8","300.8","300.8","300.8","300.8","300.8","300.8","300.8","300.8","300.8","300.8","300.8","300.8","300.8","300.8","300.8","300.8","300.8","300.8","300.8","300.8","347.1","347.1","347.1","347.1","347.1","347.1","347.1","347.1","347.1","347.1","347.1","347.1","347.1","347.1","347.1","347.1","435.0","435.0","435.0","435.0","435.0","435.0","435.0","435.0","435.0","435.0","435.0","435.0","435.0","435.0","435.0","#N/A","475.4686","#N/A","477.3","477.3","477.3","477.3","477.3","477.3","477.3","477.3","477.3","477.3","477.3","477.3","477.3","477.3","528.9","528.9","528.9","528.9","528.9","528.9","528.9","528.9","528.9","528.9","528.9","528.9","528.9","528.9","528.9","528.9","528.9","528.9","528.9","528.9","528.9","528.9","645.9","645.9","645.9","645.9","645.9","645.9","645.9","645.9","646.0","646.0","646.0","646.0","646.0","646.0","646.0","646.0","783.8","783.8","783.8","783.8","783.8","783.8","783.8","783.8"
"1970:Q3","#N/A","#N/A","#N/A","#N/A","#N/A","#N/A","#N/A","#N/A","#N/A","#N/A","#N/A","#N/A","#N/A","#N/A","#N/A","#N/A","#N/A","#N/A","#N/A","#N/A","74.5","74.4","74.4","74.3","74.3","74.3","74.3","74.6","74.6","74.6","74.6","75.5","75.5","75.5","75.5","75.5","75.5","75.5","75.5","75.5","75.5","140.8","140.8","140.8","140.8","140.8","140.8","140.8","140.8","140.8","140.8","140.8","140.8","140.8","140.8","140.8","140.8","140.8","140.8","140.8","140.8","142.1","142.1","142.1","142.1","142.1","142.1","142.1","142.1","142.1","142.1","142.1","142.1","142.1","142.1","142.1","142.1","142.1","142.1","142.1","142.1","307.7","307.7","307.7","307.7","307.7","307.7","307.7","307.7","307.7","307.7","307.7","307.7","307.7","307.7","307.7","307.7","307.7","307.7","307.7","307.7","307.7","307.7","307.7","307.7","354.3","354.3","354.3","354.3","354.3","354.3","354.3","354.3","354.3","354.3","354.3","354.3","354.3","354.3","354.3","354.3","445.0","445.0","445.0","445.0","445.0","445.0","445.0","445.0","445.0","445.0","445.0","445.0","445.0","445.0","445.0","#N/A","486.1532","#N/A","488.2","488.2","488.2","488.2","488.2","488.2","488.2","488.2","488.2","488.2","488.2","488.2","488.2","488.2","540.8","540.8","540.8","540.8","540.8","540.8","540.8","540.8","540.8","540.8","540.8","540.8","540.8","540.8","540.8","540.8","540.8","540.8","540.8","540.8","540.8","540.8","660.4","660.4","660.4","660.4","660.4","660.4","660.4","660.4","660.6","660.6","660.6","660.6","660.6","660.6","660.6","660.6","801.6","801.6","801.6","801.6","801.6","801.6","801.6","801.6"
"1970:Q4","#N/A","#N/A","#N/A","#N/A","#N/A","#N/A","#N/A","#N/A","#N/A","#N/A","#N/A","#N/A","#N/A","#N/A","#N/A","#N/A","#N/A","#N/A","#N/A","#N/A","#N/A","74.7","74.8","75.2","75.2","75.2","75.2","75.1","75.1","75.1","75.1","76.0","76.0","76.0","76.0","76.0","76.0","76.0","76.0","76.0","76.0","142.4","142.4","142.4","142.4","142.4","142.4","142.4","142.4","142.4","142.4","142.4","142.4","142.4","142.4","142.4","142.4","142.4","142.4","142.4","142.4","143.4","143.4","143.4","143.4","143.4","143.4","143.4","143.4","143.4","143.4","143.4","143.4","143.4","143.4","143.4","143.4","143.4","143.4","143.4","143.4","310.2","310.2","310.2","310.2","310.2","310.2","310.2","310.2","310.2","310.2","310.2","310.2","310.2","310.2","310.2","310.2","310.2","310.2","310.2","310.2","310.2","310.2","310.2","310.2","356.9","356.9","356.9","356.9","356.9","356.9","356.9","356.9","356.9","356.9","356.9","356.9","356.9","356.9","356.9","356.9","447.5","447.5","447.5","447.5","447.5","447.5","447.5","447.5","447.5","447.5","447.5","447.5","447.5","447.5","447.5","#N/A","488.6463","#N/A","490.9","490.9","490.9","490.9","490.9","490.9","490.9","490.9","490.9","490.9","490.9","490.9","490.9","490.9","543.5","543.5","543.5","543.5","543.5","543.5","543.5","543.5","543.5","543.5","543.5","543.5","543.5","543.5","543.5","543.5","543.5","543.5","543.5","543.5","543.5","543.5","663.8","663.8","663.8","663.8","663.8","663.8","663.8","663.8","663.9","663.9","663.9","663.9","663.9","663.9","663.9","663.9","805.7","805.7","805.7","805.7","805.7","805.7","805.7","805.7"
"1971:Q1","#N/A","#N/A","#N/A","#N/A","#N/A","#N/A","#N/A","#N/A","#N/A","#N/A","#N/A","#N/A","#N/A","#N/A","#N/A","#N/A","#N/A","#N/A","#N/A","#N/A","#N/A","#N/A","76.6","76.1","76.1","76.3","76.3","75.9","75.9","75.9","75.9","76.6","76.6","76.6","76.6","77.3","77.3","77.3","77.3","77.3","77.3","143.5","143.5","143.5","143.5","143.5","143.5","143.5","143.5","143.5","143.5","143.5","143.5","143.5","143.5","143.5","143.5","143.5","143.5","143.5","143.5","144.4","144.4","144.4","144.4","144.4","144.4","144.4","144.4","144.4","144.4","144.4","144.4","144.4","144.4","144.4","144.4","144.4","144.4","144.4","144.4","312.1","312.1","312.1","312.1","312.1","312.1","312.1","312.1","312.1","312.1","312.1","312.1","312.1","312.1","312.1","312.1","312.1","312.1","312.1","312.1","312.1","312.1","312.1","312.1","358.4","358.4","358.4","358.4","358.4","358.4","358.4","358.4","358.4","358.4","358.4","358.4","358.4","358.4","358.4","358.4","450.0","450.0","450.0","450.0","450.0","450.0","450.0","450.0","450.0","450.0","450.0","450.0","450.0","450.0","450.0","#N/A","490.7833","#N/A","493.5","493.5","493.5","493.5","493.5","493.5","493.5","493.5","493.5","493.5","493.5","493.5","493.5","493.5","546.0","546.0","546.0","546.0","546.0","546.0","546.0","546.0","546.0","546.0","546.0","546.0","546.0","546.0","546.0","546.0","546.0","546.0","546.0","546.0","546.0","546.0","666.9","666.9","666.9","666.9","666.9","666.9","666.9","666.9","666.9","666.9","666.9","666.9","666.9","666.9","666.9","666.9","809.1","809.1","809.1","809.1","809.1","809.1","809.1","809.1"
"1971:Q2","#N/A","#N/A","#N/A","#N/A","#N/A","#N/A","#N/A","#N/A","#N/A","#N/A","#N/A","#N/A","#N/A","#N/A","#N/A","#N/A","#N/A","#N/A","#N/A","#N/A","#N/A","#N/A","#N/A","76.6","76.6","76.3","76.3","76.0","76.0","76.0","76.0","76.8","76.8","76.8","76.8","77.8","77.8","77.8","77.8","77.8","77.8","144.8","144.8","144.8","144.8","144.8","144.8","144.8","144.8","144.8","144.8","144.8","144.8","144.8","144.8","144.8","144.8","144.8","144.8","144.8","144.8","145.7","145.7","145.7","145.7","145.7","145.7","145.7","145.7","145.7","145.7","145.7","145.7","145.7","145.7","145.7","145.7","145.7","145.7","145.7","145.7","314.9","314.9","314.9","314.9","314.9","314.9","314.9","314.9","314.9","314.9","314.9","314.9","314.9","314.9","314.9","314.9","314.9","314.9","314.9","314.9","314.9","314.9","314.9","314.9","360.7","360.7","360.7","360.7","360.7","360.7","360.7","360.7","360.7","360.7","360.7","360.7","360.7","360.7","360.7","360.7","453.1","453.1","453.1","453.1","453.1","453.1","453.1","453.1","453.1","453.1","453.1","453.1","453.1","453.1","453.1","#N/A","493.8106","#N/A","496.8","496.8","496.8","496.8","496.8","496.8","496.8","496.8","496.8","496.8","496.8","496.8","496.8","496.8","549.7","549.7","549.7","549.7","549.7","549.7","549.7","549.7","549.7","549.7","549.7","549.7","549.7","549.7","549.7","549.7","549.7","549.7","549.7","549.7","549.7","549.7","671.4","671.4","671.4","671.4","671.4","671.4","671.4","671.4","671.4","671.4","671.4","671.4","671.4","671.4","671.4","671.4","815.1","815.1","815.1","815.1","815.1","815.1","815.1","815.1"
"1971:Q3","#N/A","#N/A","#N/A","#N/A","#N/A","#N/A","#N/A","#N/A","#N/A","#N/A","#N/A","#N/A","#N/A","#N/A","#N/A","#N/A","#N/A","#N/A","#N/A","#N/A","#N/A","#N/A","#N/A","#N/A","77.0","76.8","76.8","76.7","76.7","76.7","76.7","77.5","77.5","77.5","77.5","78.4","78.4","78.4","78.4","78.4","78.4","145.8","145.8","145.8","145.8","145.8","145.8","145.8","145.8","145.8","145.8","145.8","145.8","145.8","145.8","145.8","145.8","145.8","145.8","145.8","145.8","146.5","146.5","146.5","146.5","146.5","146.5","146.5","146.5","146.5","146.5","146.5","146.5","146.5","146.5","146.5","146.5","146.5","146.5","146.5","146.5","315.8","315.8","315.8","315.8","315.8","315.8","315.8","315.8","315.8","315.8","315.8","315.8","315.8","315.8","315.8","315.8","315.8","315.8","315.8","315.8","315.8","315.8","315.8","315.8","361.1","361.1","361.1","361.1","361.1","361.1","361.1","361.1","361.1","361.1","361.1","361.1","361.1","361.1","361.1","361.1","454.3","454.3","454.3","454.3","454.3","454.3","454.3","454.3","454.3","454.3","454.3","454.3","454.3","454.3","454.3","#N/A","494.79","#N/A","498.2","498.2","498.2","498.2","498.2","498.2","498.2","498.2","498.2","498.2","498.2","498.2","498.2","498.2","551.0","551.0","551.0","551.0","551.0","551.0","551.0","551.0","551.0","551.0","551.0","551.0","551.0","551.0","551.0","551.0","551.0","551.0","551.0","551.0","551.0","551.0","673.1","673.1","673.1","673.1","673.1","673.1","673.1","673.1","673.1","673.1","673.1","673.1","673.1","673.1","673.1","673.1","817.9","817.9","817.9","817.9","817.9","817.9","817.9","817.9"
"1971:Q4","#N/A","#N/A","#N/A","#N/A","#N/A","#N/A","#N/A","#N/A","#N/A","#N/A","#N/A","#N/A","#N/A","#N/A","#N/A","#N/A","#N/A","#N/A","#N/A","#N/A","#N/A","#N/A","#N/A","#N/A","#N/A","78.6","78.6","78.8","78.8","78.8","78.8","79.1","79.1","79.1","79.1","80.2","80.2","80.2","80.2","80.2","80.2","147.7","147.7","147.7","147.7","147.7","147.7","147.7","147.7","147.7","147.7","147.7","147.7","147.7","147.7","147.7","147.7","147.7","147.7","147.7","147.7","148.8","148.8","148.8","148.8","148.8","148.8","148.8","148.8","148.8","148.8","148.8","148.8","148.8","148.8","148.8","148.8","148.8","148.8","148.8","148.8","320.8","320.8","320.8","320.8","320.8","320.8","320.8","320.8","320.8","320.8","320.8","320.8","320.8","320.8","320.8","320.8","320.8","320.8","320.8","320.8","320.8","320.8","320.8","320.8","366.1","366.1","366.1","366.1","366.1","366.1","366.1","366.1","366.1","366.1","366.1","366.1","366.1","366.1","366.1","366.1","460.0","460.0","460.0","460.0","460.0","460.0","460.0","460.0","460.0","460.0","460.0","460.0","460.0","460.0","460.0","#N/A","500.7556","#N/A","504.4","504.4","504.4","504.4","504.4","504.4","504.4","504.4","504.4","504.4","504.4","504.4","504.4","504.4","558.1","558.1","558.1","558.1","558.1","558.1","558.1","558.1","558.1","558.1","558.1","558.1","558.1","558.1","558.1","558.1","558.1","558.1","558.1","558.1","558.1","558.1","681.7","681.7","681.7","681.7","681.7","681.7","681.7","681.7","681.7","681.7","681.7","681.7","681.7","681.7","681.7","681.7","828.3","828.3","828.3","828.3","828.3","828.3","828.3","828.3"
"1972:Q1","#N/A","#N/A","#N/A","#N/A","#N/A","#N/A","#N/A","#N/A","#N/A","#N/A","#N/A","#N/A","#N/A","#N/A","#N/A","#N/A","#N/A","#N/A","#N/A","#N/A","#N/A","#N/A","#N/A","#N/A","#N/A","#N/A","80.1","79.4","79.4","79.4","79.4","79.7","79.7","79.7","79.7","80.9","80.9","80.9","80.9","80.9","80.9","149.2","149.2","149.2","149.2","149.2","149.2","149.2","149.2","149.2","149.2","149.2","149.2","149.2","149.2","149.2","149.2","149.2","149.2","149.2","149.2","150.2","150.2","150.2","150.2","150.2","150.2","150.2","150.2","150.2","150.2","150.2","150.2","150.2","150.2","150.2","150.2","150.2","150.2","150.2","150.2","322.8","322.8","322.8","322.8","322.8","322.8","322.8","322.8","322.8","322.8","322.8","322.8","322.8","322.8","322.8","322.8","322.8","322.8","322.8","322.8","322.8","322.8","322.8","322.8","367.2","367.2","367.2","367.2","367.2","367.2","367.2","367.2","367.2","367.2","367.2","367.2","367.2","367.2","367.2","367.2","462.2","462.2","462.2","462.2","462.2","462.2","462.2","462.2","462.2","462.2","462.2","462.2","462.2","462.2","462.2","#N/A","502.8035","#N/A","506.5","506.5","506.5","506.5","506.5","506.5","506.5","506.5","506.5","506.5","506.5","506.5","506.5","506.5","559.9","559.9","559.9","559.9","559.9","559.9","559.9","559.9","559.9","559.9","559.9","559.9","559.9","559.9","559.9","559.9","559.9","559.9","559.9","559.9","559.9","559.9","683.9","683.9","683.9","683.9","683.9","683.9","683.9","683.9","683.9","683.9","683.9","683.9","683.9","683.9","683.9","683.9","830.6","830.6","830.6","830.6","830.6","830.6","830.6","830.6"
"1972:Q2","#N/A","#N/A","#N/A","#N/A","#N/A","#N/A","#N/A","#N/A","#N/A","#N/A","#N/A","#N/A","#N/A","#N/A","#N/A","#N/A","#N/A","#N/A","#N/A","#N/A","#N/A","#N/A","#N/A","#N/A","#N/A","#N/A","#N/A","80.1","80.3","80.3","80.3","81.1","81.1","81.1","81.1","81.3","81.3","81.3","81.3","81.3","81.3","149.7","149.7","149.7","149.7","149.7","149.7","149.7","149.7","149.7","149.7","149.7","149.7","149.7","149.7","149.7","149.7","149.7","149.7","149.7","149.7","150.0","150.0","150.0","150.0","150.0","150.0","150.0","150.0","150.0","150.0","150.0","150.0","150.0","150.0","150.0","150.0","150.0","150.0","150.0","150.0","321.9","321.9","321.9","321.9","321.9","321.9","321.9","321.9","321.9","321.9","321.9","321.9","321.9","321.9","321.9","321.9","321.9","321.9","321.9","321.9","321.9","321.9","321.9","321.9","365.4","365.4","365.4","365.4","365.4","365.4","365.4","365.4","365.4","365.4","365.4","365.4","365.4","365.4","365.4","365.4","460.5","460.5","460.5","460.5","460.5","460.5","460.5","460.5","460.5","460.5","460.5","460.5","460.5","460.5","460.5","#N/A","500.8447","#N/A","504.7","504.7","504.7","504.7","504.7","504.7","504.7","504.7","504.7","504.7","504.7","504.7","504.7","504.7","558.7","558.7","558.7","558.7","558.7","558.7","558.7","558.7","558.7","558.7","558.7","558.7","558.7","558.7","558.7","558.7","558.7","558.7","558.7","558.7","558.7","558.7","682.5","682.5","682.5","682.5","682.5","682.5","682.5","682.5","682.5","682.5","682.5","682.5","682.5","682.5","682.5","682.5","829.2","829.2","829.2","829.2","829.2","829.2","829.2","829.2"
"1972:Q3","#N/A","#N/A","#N/A","#N/A","#N/A","#N/A","#N/A","#N/A","#N/A","#N/A","#N/A","#N/A","#N/A","#N/A","#N/A","#N/A","#N/A","#N/A","#N/A","#N/A","#N/A","#N/A","#N/A","#N/A","#N/A","#N/A","#N/A","#N/A","81.9","81.8","81.8","83.0","83.0","83.0","83.0","82.4","82.4","82.4","82.4","82.4","82.4","151.4","151.4","151.4","151.4","151.4","151.4","151.4","151.4","151.4","151.4","151.4","151.4","151.4","151.4","151.4","151.4","151.4","151.4","151.4","151.4","151.6","151.6","151.6","151.6","151.6","151.6","151.6","151.6","151.6","151.6","151.6","151.6","151.6","151.6","151.6","151.6","151.6","151.6","151.6","151.6","324.4","324.4","324.4","324.4","324.4","324.4","324.4","324.4","324.4","324.4","324.4","324.4","324.4","324.4","324.4","324.4","324.4","324.4","324.4","324.4","324.4","324.4","324.4","324.4","368.2","368.2","368.2","368.2","368.2","368.2","368.2","368.2","368.2","368.2","368.2","368.2","368.2","368.2","368.2","368.2","464.3","464.3","464.3","464.3","464.3","464.3","464.3","464.3","464.3","464.3","464.3","464.3","464.3","464.3","464.3","#N/A","504.9405","#N/A","509.0","509.0","509.0","509.0","509.0","509.0","509.0","509.0","509.0","509.0","509.0","509.0","509.0","509.0","563.3","563.3","563.3","563.3","563.3","563.3","563.3","563.3","563.3","563.3","563.3","563.3","563.3","563.3","563.3","563.3","563.3","563.3","563.3","563.3","563.3","563.3","688.0","688.0","688.0","688.0","688.0","688.0","688.0","688.0","688.1","688.1","688.1","688.1","688.1","688.1","688.1","688.1","835.8","835.8","835.8","835.8","835.8","835.8","835.8","835.8"
"1972:Q4","#N/A","#N/A","#N/A","#N/A","#N/A","#N/A","#N/A","#N/A","#N/A","#N/A","#N/A","#N/A","#N/A","#N/A","#N/A","#N/A","#N/A","#N/A","#N/A","#N/A","#N/A","#N/A","#N/A","#N/A","#N/A","#N/A","#N/A","#N/A","#N/A","83.8","83.6","85.0","85.0","85.0","85.0","83.8","83.8","83.8","83.8","83.8","83.8","153.6","153.6","153.6","153.6","153.6","153.6","153.6","153.6","153.6","153.6","153.6","153.6","153.6","153.6","153.6","153.6","153.6","153.6","153.6","153.6","154.0","154.0","154.0","154.0","154.0","154.0","154.0","154.0","154.0","154.0","154.0","154.0","154.0","154.0","154.0","154.0","154.0","154.0","154.0","154.0","329.7","329.7","329.7","329.7","329.7","329.7","329.7","329.7","329.7","329.7","329.7","329.7","329.7","329.7","329.7","329.7","329.7","329.7","329.7","329.7","329.7","329.7","329.7","329.7","373.7","373.7","373.7","373.7","373.7","373.7","373.7","373.7","373.7","373.7","373.7","373.7","373.7","373.7","373.7","373.7","470.8","470.8","470.8","470.8","470.8","470.8","470.8","470.8","470.8","470.8","470.8","470.8","470.8","470.8","470.8","#N/A","511.8855","#N/A","516.2","516.2","516.2","516.2","516.2","516.2","516.2","516.2","516.2","516.2","516.2","516.2","516.2","516.2","571.2","571.2","571.2","571.2","571.2","571.2","571.2","571.2","571.2","571.2","571.2","571.2","571.2","571.2","571.2","571.2","571.2","571.2","571.2","571.2","571.2","571.2","697.7","697.7","697.7","697.7","697.7","697.7","697.7","697.7","697.8","697.8","697.8","697.8","697.8","697.8","697.8","697.8","847.2","847.2","847.2","847.2","847.2","847.2","847.2","847.2"
"1973:Q1","#N/A","#N/A","#N/A","#N/A","#N/A","#N/A","#N/A","#N/A","#N/A","#N/A","#N/A","#N/A","#N/A","#N/A","#N/A","#N/A","#N/A","#N/A","#N/A","#N/A","#N/A","#N/A","#N/A","#N/A","#N/A","#N/A","#N/A","#N/A","#N/A","#N/A","84.7","86.2","86.2","86.2","86.2","85.2","85.2","85.2","85.2","85.2","85.2","154.3","154.3","154.5","154.5","154.5","154.5","154.5","154.5","154.5","154.5","154.5","154.5","154.5","154.5","154.5","154.5","154.5","154.5","154.5","154.5","155.7","155.7","155.7","155.7","155.7","155.7","155.7","155.7","155.7","155.7","155.7","155.7","155.7","155.7","155.7","155.7","155.7","155.7","155.7","155.7","332.2","332.2","332.2","332.2","332.2","332.2","332.2","332.2","332.2","332.2","332.2","332.2","332.2","332.2","332.2","332.2","332.2","332.2","332.2","332.2","332.2","332.2","332.2","332.2","375.3","375.3","375.3","375.3","375.3","375.3","375.3","375.3","375.3","375.3","375.3","375.3","375.3","375.3","375.3","375.3","473.8","473.8","473.8","473.8","473.8","473.8","473.8","473.8","473.8","473.8","473.8","473.8","473.8","473.8","473.8","#N/A","514.0225","#N/A","518.7","518.7","518.7","518.7","518.7","518.7","518.7","518.7","518.7","518.7","518.7","518.7","518.7","518.7","573.8","573.8","573.8","573.8","573.8","573.8","573.8","573.8","573.8","573.8","573.8","573.8","573.8","573.8","573.8","573.8","573.8","573.8","573.8","573.8","573.8","573.8","700.8","700.8","700.8","700.8","700.8","700.8","700.8","700.8","700.9","700.9","700.9","700.9","700.9","700.9","700.9","700.9","851.1","851.1","851.1","851.1","851.1","851.1","851.1","851.1"
"1973:Q2","#N/A","#N/A","#N/A","#N/A","#N/A","#N/A","#N/A","#N/A","#N/A","#N/A","#N/A","#N/A","#N/A","#N/A","#N/A","#N/A","#N/A","#N/A","#N/A","#N/A","#N/A","#N/A","#N/A","#N/A","#N/A","#N/A","#N/A","#N/A","#N/A","#N/A","#N/A","87.4","87.0","87.0","87.0","86.2","86.2","86.2","86.2","86.2","86.2","155.5","155.5","154.9","154.9","154.9","154.9","154.9","154.9","154.9","154.9","154.9","154.9","154.9","154.9","154.9","154.9","154.9","154.9","154.9","154.9","156.3","156.3","156.3","156.3","156.3","156.3","156.2","156.2","156.2","156.2","156.2","156.2","156.2","156.2","156.2","156.2","156.2","156.2","156.2","156.2","332.8","332.8","332.8","332.8","332.8","332.8","332.8","332.8","332.8","332.8","332.8","332.8","332.8","332.8","332.8","332.8","332.8","332.8","332.8","332.8","332.8","332.8","332.8","332.8","375.9","375.9","375.9","375.9","375.9","375.9","375.9","375.9","375.9","375.9","375.9","375.9","375.9","375.9","375.9","375.9","474.7","474.7","474.7","474.7","474.7","474.7","474.7","474.7","474.7","474.7","474.7","474.7","474.7","474.7","474.7","#N/A","515.0909","#N/A","519.8","519.8","519.8","519.8","519.8","519.8","519.8","519.8","519.8","519.8","519.8","519.8","519.8","519.8","574.8","574.8","574.8","574.8","574.8","574.8","574.8","574.8","574.8","574.8","574.8","574.8","574.8","574.8","574.8","574.8","574.8","574.8","574.8","574.8","574.8","574.8","702.0","702.0","702.0","702.0","702.0","702.0","702.0","702.0","702.1","702.1","702.1","702.1","702.1","702.1","702.1","702.1","852.5","852.5","852.5","852.5","852.5","852.5","852.5","852.5"
"1973:Q3","#N/A","#N/A","#N/A","#N/A","#N/A","#N/A","#N/A","#N/A","#N/A","#N/A","#N/A","#N/A","#N/A","#N/A","#N/A","#N/A","#N/A","#N/A","#N/A","#N/A","#N/A","#N/A","#N/A","#N/A","#N/A","#N/A","#N/A","#N/A","#N/A","#N/A","#N/A","#N/A","88.1","87.8","87.8","87.5","87.5","87.5","87.5","87.5","87.5","156.9","156.9","156.6","156.6","156.6","156.6","156.6","156.6","156.6","156.6","156.6","156.6","156.6","156.6","156.6","156.6","156.6","156.6","156.6","156.6","157.9","157.9","157.9","157.9","157.9","157.9","157.8","157.8","157.8","157.8","157.8","157.8","157.8","157.8","157.8","157.8","157.8","157.8","157.8","157.8","335.8","335.8","335.8","335.8","335.8","335.8","335.8","335.8","335.8","335.8","335.8","335.8","335.8","335.8","335.8","335.8","335.8","335.8","335.8","335.8","335.8","335.8","335.8","335.8","380.0","380.0","380.0","380.0","380.0","380.0","380.0","380.0","380.0","380.0","380.0","380.0","380.0","380.0","380.0","380.0","479.9","479.9","479.9","479.9","479.9","479.9","479.9","479.9","479.9","479.9","479.9","479.9","479.9","479.9","479.9","#N/A","520.7004","#N/A","525.3","525.3","525.3","525.3","525.3","525.3","525.3","525.3","525.3","525.3","525.3","525.3","525.3","525.3","580.8","580.8","580.8","580.8","580.8","580.8","580.8","580.8","580.8","580.8","580.8","580.8","580.8","580.8","580.8","580.8","580.8","580.8","580.8","580.8","580.8","580.8","709.4","709.4","709.4","709.4","709.4","709.4","709.4","709.4","709.5","709.5","709.5","709.5","709.5","709.5","709.5","709.5","861.5","861.5","861.5","861.5","861.5","861.5","861.5","861.5"
"1973:Q4","#N/A","#N/A","#N/A","#N/A","#N/A","#N/A","#N/A","#N/A","#N/A","#N/A","#N/A","#N/A","#N/A","#N/A","#N/A","#N/A","#N/A","#N/A","#N/A","#N/A","#N/A","#N/A","#N/A","#N/A","#N/A","#N/A","#N/A","#N/A","#N/A","#N/A","#N/A","#N/A","#N/A","89.2","89.2","89.3","89.3","89.3","89.3","89.3","89.3","158.5","158.5","157.7","157.7","157.7","157.7","157.7","157.7","157.7","157.7","157.7","157.7","157.7","157.7","157.7","157.7","157.7","157.7","157.7","157.7","160.3","160.3","160.3","160.3","160.3","160.3","160.1","160.1","160.1","160.1","160.1","160.1","160.1","160.1","160.1","160.1","160.1","160.1","160.1","160.1","340.3","340.3","340.3","340.3","340.3","340.3","340.3","340.3","340.3","340.3","340.3","340.3","340.3","340.3","340.3","340.3","340.3","340.3","340.3","340.3","340.3","340.3","340.3","340.3","384.2","384.2","384.2","384.2","384.2","384.2","384.2","384.2","384.2","384.2","384.2","384.2","384.2","384.2","384.2","384.2","485.5","485.5","485.5","485.5","485.5","485.5","485.5","485.5","485.5","485.5","485.5","485.5","485.5","485.5","485.5","#N/A","527.3783","#N/A","531.7","531.7","531.7","531.7","531.7","531.7","531.7","531.7","531.7","531.7","531.7","531.7","531.7","531.7","587.9","587.9","587.9","587.9","587.9","587.9","587.9","587.9","587.9","587.9","587.9","587.9","587.9","587.9","587.9","587.9","587.9","587.9","587.9","587.9","587.9","587.9","718.1","718.1","718.1","718.1","718.1","718.1","718.1","718.1","718.2","718.2","718.2","718.2","718.2","718.2","718.2","718.2","872.1","872.1","872.1","872.1","872.1","872.1","872.1","872.1"
"1974:Q1","#N/A","#N/A","#N/A","#N/A","#N/A","#N/A","#N/A","#N/A","#N/A","#N/A","#N/A","#N/A","#N/A","#N/A","#N/A","#N/A","#N/A","#N/A","#N/A","#N/A","#N/A","#N/A","#N/A","#N/A","#N/A","#N/A","#N/A","#N/A","#N/A","#N/A","#N/A","#N/A","#N/A","#N/A","89.8","89.7","89.7","89.7","89.7","89.7","89.7","159.3","159.3","160.1","160.1","160.1","160.1","160.4","160.4","160.4","160.4","160.4","160.4","160.4","160.4","160.4","160.4","160.4","160.4","160.4","160.4","162.7","162.7","162.7","162.7","162.7","162.7","162.2","162.2","162.2","162.2","162.2","162.2","162.2","162.2","162.2","162.2","162.2","162.2","162.2","162.2","343.9","343.9","343.9","343.9","343.9","343.9","343.9","343.9","343.9","343.9","343.9","343.9","343.9","343.9","343.9","343.9","343.9","343.9","343.9","343.9","343.9","343.9","343.9","343.9","388.8","388.8","388.8","388.8","388.8","388.8","388.8","388.8","388.8","388.8","388.8","388.8","388.8","388.8","388.8","388.8","491.3","491.3","491.3","491.3","491.3","491.3","491.3","491.3","491.3","491.3","491.3","491.3","491.3","491.3","491.3","#N/A","534.7686","#N/A","538.4","538.4","538.4","538.4","538.4","538.4","538.4","538.4","538.4","538.4","538.4","538.4","538.4","538.4","595.7","595.7","595.7","595.7","595.7","595.7","595.7","595.7","595.7","595.7","595.7","595.7","595.7","595.7","595.7","595.7","595.7","595.7","595.7","595.7","595.7","595.7","727.5","727.5","727.5","727.5","727.5","727.5","727.5","727.5","727.6","727.6","727.6","727.6","727.6","727.6","727.6","727.6","883.2","883.2","883.2","883.2","883.2","883.2","883.2","883.2"
"1974:Q2","#N/A","#N/A","#N/A","#N/A","#N/A","#N/A","#N/A","#N/A","#N/A","#N/A","#N/A","#N/A","#N/A","#N/A","#N/A","#N/A","#N/A","#N/A","#N/A","#N/A","#N/A","#N/A","#N/A","#N/A","#N/A","#N/A","#N/A","#N/A","#N/A","#N/A","#N/A","#N/A","#N/A","#N/A","#N/A","89.1","89.5","89.5","89.5","89.5","89.5","160.2","160.2","161.4","161.4","161.4","161.4","162.2","162.2","162.2","162.2","162.2","162.2","162.2","162.2","162.2","162.2","162.2","162.2","162.2","162.2","164.7","164.7","164.7","164.7","164.7","164.7","163.9","163.9","163.9","163.9","163.9","163.9","163.9","163.9","163.9","163.9","163.9","163.9","163.9","163.9","348.2","348.2","348.2","348.2","348.2","348.2","348.2","348.2","348.2","348.2","348.2","348.2","348.2","348.2","348.2","348.2","348.2","348.2","348.2","348.2","348.2","348.2","348.2","348.2","394.6","394.6","394.6","394.6","394.6","394.6","394.6","394.6","394.6","394.6","394.6","394.6","394.6","394.6","394.6","394.6","497.6","497.6","497.6","497.6","497.6","497.6","497.6","497.6","497.6","497.6","497.6","497.6","497.6","497.6","497.6","#N/A","541.7136","#N/A","544.9","544.9","544.9","544.9","544.9","544.9","544.9","544.9","544.9","544.9","544.9","544.9","544.9","544.9","603.3","603.3","603.3","603.3","603.3","603.3","603.3","603.3","603.3","603.3","603.3","603.3","603.3","603.3","603.3","603.3","603.3","603.3","603.3","603.3","603.3","603.3","736.9","736.9","736.9","736.9","736.9","736.9","736.9","736.9","736.9","736.9","736.9","736.9","736.9","736.9","736.9","736.9","894.1","894.1","894.1","894.1","894.1","894.1","894.1","894.1"
"1974:Q3","#N/A","#N/A","#N/A","#N/A","#N/A","#N/A","#N/A","#N/A","#N/A","#N/A","#N/A","#N/A","#N/A","#N/A","#N/A","#N/A","#N/A","#N/A","#N/A","#N/A","#N/A","#N/A","#N/A","#N/A","#N/A","#N/A","#N/A","#N/A","#N/A","#N/A","#N/A","#N/A","#N/A","#N/A","#N/A","#N/A","89.3","89.4","89.4","89.4","89.4","159.0","159.0","161.3","161.3","161.3","161.3","162.1","162.1","162.1","162.1","162.1","162.1","162.1","162.1","162.1","162.1","162.1","162.1","162.1","162.1","165.1","165.1","165.1","165.1","165.1","165.1","164.1","164.1","164.1","164.1","164.1","164.1","164.1","164.1","164.1","164.1","164.1","164.1","164.1","164.1","347.4","347.4","347.4","347.4","347.4","347.4","347.4","347.4","347.4","347.4","347.4","347.4","347.4","347.4","347.4","347.4","347.4","347.4","347.4","347.4","347.4","347.4","347.4","347.4","394.1","394.1","394.1","394.1","394.1","394.1","394.1","394.1","394.1","394.1","394.1","394.1","394.1","394.1","394.1","394.1","496.7","496.7","496.7","496.7","496.7","496.7","496.7","496.7","496.7","496.7","496.7","496.7","496.7","496.7","496.7","#N/A","541.0013","#N/A","543.9","543.9","543.9","543.9","543.9","543.9","543.9","543.9","543.9","543.9","543.9","543.9","543.9","543.9","602.7","602.7","602.7","602.7","602.7","602.7","602.7","602.7","602.7","602.7","602.7","602.7","602.7","602.7","602.7","602.7","602.7","602.7","602.7","602.7","602.7","602.7","736.1","736.1","736.1","736.1","736.1","736.1","736.1","736.1","736.1","736.1","736.1","736.1","736.1","736.1","736.1","736.1","892.9","892.9","892.9","892.9","892.9","892.9","892.9","892.9"
"1974:Q4","#N/A","#N/A","#N/A","#N/A","#N/A","#N/A","#N/A","#N/A","#N/A","#N/A","#N/A","#N/A","#N/A","#N/A","#N/A","#N/A","#N/A","#N/A","#N/A","#N/A","#N/A","#N/A","#N/A","#N/A","#N/A","#N/A","#N/A","#N/A","#N/A","#N/A","#N/A","#N/A","#N/A","#N/A","#N/A","#N/A","#N/A","89.5","89.3","89.3","89.3","158.9","158.9","161.5","161.5","161.5","161.5","162.6","162.6","162.6","162.6","162.6","162.6","162.6","162.6","162.6","162.6","162.6","162.6","162.6","162.6","165.5","165.5","165.5","165.5","165.5","165.5","164.3","164.3","164.3","164.3","164.3","164.3","164.3","164.3","164.3","164.3","164.3","164.3","164.3","164.3","347.7","347.7","347.7","347.7","347.7","347.7","347.7","347.7","347.7","347.7","347.7","347.7","347.7","347.7","347.7","347.7","347.7","347.7","347.7","347.7","347.7","347.7","347.7","347.7","393.9","393.9","393.9","393.9","393.9","393.9","393.9","393.9","393.9","393.9","393.9","393.9","393.9","393.9","393.9","393.9","496.6","496.6","496.6","496.6","496.6","496.6","496.6","496.6","496.6","496.6","496.6","496.6","496.6","496.6","496.6","#N/A","541.0013","#N/A","543.7","543.7","543.7","543.7","543.7","543.7","543.7","543.7","543.7","543.7","543.7","543.7","543.7","543.7","603.0","603.0","603.0","603.0","603.0","603.0","603.0","603.0","603.0","603.0","603.0","603.0","603.0","603.0","603.0","603.0","603.0","603.0","603.0","603.0","603.0","603.0","736.5","736.5","736.5","736.5","736.5","736.5","736.5","736.5","736.6","736.6","736.6","736.6","736.6","736.6","736.6","736.6","893.4","893.4","893.4","893.4","893.4","893.4","893.4","893.4"
"1975:Q1","#N/A","#N/A","#N/A","#N/A","#N/A","#N/A","#N/A","#N/A","#N/A","#N/A","#N/A","#N/A","#N/A","#N/A","#N/A","#N/A","#N/A","#N/A","#N/A","#N/A","#N/A","#N/A","#N/A","#N/A","#N/A","#N/A","#N/A","#N/A","#N/A","#N/A","#N/A","#N/A","#N/A","#N/A","#N/A","#N/A","#N/A","#N/A","90.3","90.2","90.2","161.4","161.4","162.2","162.2","162.2","162.2","163.4","163.4","163.4","163.4","163.4","163.4","163.4","163.4","163.4","163.4","163.4","163.4","163.4","163.4","167.5","167.5","167.5","167.5","167.5","167.5","166.2","166.2","166.2","166.2","166.2","166.2","166.2","166.2","166.2","166.2","166.2","166.2","166.2","166.2","351.1","351.1","351.1","351.1","351.1","351.1","351.1","351.1","351.1","351.1","351.1","351.1","351.1","351.1","351.1","351.1","351.1","351.1","351.1","351.1","351.1","351.1","351.1","351.1","397.1","397.1","397.1","397.1","397.1","397.1","397.1","397.1","397.1","397.1","397.1","397.1","397.1","397.1","397.1","397.1","508.8","508.8","508.8","508.8","508.8","508.8","508.8","508.8","508.8","508.8","508.8","508.8","508.8","508.8","508.8","#N/A","556.7612","#N/A","559.4","559.4","559.4","559.4","559.4","559.4","559.4","559.4","559.4","559.4","559.4","559.4","559.4","559.4","620.9","620.9","620.9","620.9","620.9","620.9","620.9","620.9","620.9","620.9","620.9","620.9","620.9","620.9","620.9","620.9","620.9","620.9","620.9","620.9","620.9","620.9","758.4","758.4","758.4","758.4","758.4","758.4","758.4","758.4","758.4","758.4","758.4","758.4","758.4","758.4","758.4","758.4","919.5","919.5","919.5","919.5","919.5","919.5","919.5","919.5"
"1975:Q2","#N/A","#N/A","#N/A","#N/A","#N/A","#N/A","#N/A","#N/A","#N/A","#N/A","#N/A","#N/A","#N/A","#N/A","#N/A","#N/A","#N/A","#N/A","#N/A","#N/A","#N/A","#N/A","#N/A","#N/A","#N/A","#N/A","#N/A","#N/A","#N/A","#N/A","#N/A","#N/A","#N/A","#N/A","#N/A","#N/A","#N/A","#N/A","#N/A","90.9","90.9","162.5","162.5","163.8","163.8","163.8","163.8","165.8","165.8","165.8","165.8","165.4","165.4","165.4","165.4","165.4","165.4","165.4","165.4","165.4","165.4","167.9","167.9","167.9","167.9","167.9","167.9","166.5","166.5","166.5","166.5","166.5","166.5","166.5","166.5","166.5","166.5","166.5","166.5","166.5","166.5","351.7","351.7","351.7","351.7","351.7","351.7","351.7","351.7","351.7","351.7","351.7","351.7","351.7","351.7","351.7","351.7","351.7","351.7","351.7","351.7","351.7","351.7","351.7","351.7","398.0","398.0","398.0","398.0","398.0","398.0","398.0","398.0","398.0","398.0","398.0","398.0","398.0","398.0","398.0","398.0","504.9","504.9","504.9","504.9","504.9","504.9","504.9","504.9","504.9","504.9","504.9","504.9","504.9","504.9","504.9","#N/A","552.4873","#N/A","555.2","555.2","555.2","555.2","555.2","555.2","555.2","555.2","555.2","555.2","555.2","555.2","555.2","555.2","616.3","616.3","616.3","616.3","616.3","616.3","616.3","616.3","616.3","616.3","616.3","616.3","616.3","616.3","616.3","616.3","616.3","616.3","616.3","616.3","616.3","616.3","752.7","752.7","752.7","752.7","752.7","752.7","752.7","752.7","752.8","752.8","752.8","752.8","752.8","752.8","752.8","752.8","912.8","912.8","912.8","912.8","912.8","912.8","912.8","912.8"
"1975:Q3","#N/A","#N/A","#N/A","#N/A","#N/A","#N/A","#N/A","#N/A","#N/A","#N/A","#N/A","#N/A","#N/A","#N/A","#N/A","#N/A","#N/A","#N/A","#N/A","#N/A","#N/A","#N/A","#N/A","#N/A","#N/A","#N/A","#N/A","#N/A","#N/A","#N/A","#N/A","#N/A","#N/A","#N/A","#N/A","#N/A","#N/A","#N/A","#N/A","#N/A","91.2","163.8","163.8","166.9","166.9","166.9","166.9","167.8","167.8","167.8","167.8","167.2","167.2","167.2","167.2","167.2","167.2","167.2","167.2","167.2","167.2","169.9","169.9","169.9","169.9","169.9","169.9","168.4","168.4","168.4","168.4","168.4","168.4","168.4","168.4","168.4","168.4","168.4","168.4","168.4","168.4","356.5","356.5","356.5","356.5","356.5","356.5","356.5","356.5","356.5","356.5","356.5","356.5","356.5","356.5","356.5","356.5","356.5","356.5","356.5","356.5","356.5","356.5","356.5","356.5","402.8","402.8","402.8","402.8","402.8","402.8","402.8","402.8","402.8","402.8","402.8","402.8","402.8","402.8","402.8","402.8","510.5","510.5","510.5","510.5","510.5","510.5","510.5","510.5","510.5","510.5","510.5","510.5","510.5","510.5","510.5","#N/A","558.453","#N/A","561.4","561.4","561.4","561.4","561.4","561.4","561.4","561.4","561.4","561.4","561.4","561.4","561.4","561.4","623.9","623.9","623.9","623.9","623.9","623.9","623.9","623.9","623.9","623.9","623.9","623.9","623.9","623.9","623.9","623.9","623.9","623.9","623.9","623.9","623.9","623.9","762.0","762.0","762.0","762.0","762.0","762.0","762.0","762.0","762.1","762.1","762.1","762.1","762.1","762.1","762.1","762.1","924.2","924.2","924.2","924.2","924.2","924.2","924.2","924.2"
"1975:Q4","#N/A","#N/A","#N/A","#N/A","#N/A","#N/A","#N/A","#N/A","#N/A","#N/A","#N/A","#N/A","#N/A","#N/A","#N/A","#N/A","#N/A","#N/A","#N/A","#N/A","#N/A","#N/A","#N/A","#N/A","#N/A","#N/A","#N/A","#N/A","#N/A","#N/A","#N/A","#N/A","#N/A","#N/A","#N/A","#N/A","#N/A","#N/A","#N/A","#N/A","#N/A","165.2","165.5","168.0","168.0","168.0","168.0","168.0","168.0","168.0","168.0","168.4","168.4","168.4","168.4","168.4","168.4","168.4","168.4","168.4","168.4","171.7","171.7","171.7","171.7","171.7","171.7","170.2","170.2","170.2","170.2","170.2","170.2","170.2","170.2","170.2","170.2","170.2","170.2","170.2","170.2","359.0","359.0","359.0","359.0","359.0","359.0","359.0","359.0","359.0","359.0","359.0","359.0","359.0","359.0","359.0","359.0","359.0","359.0","359.0","359.0","359.0","359.0","359.0","359.0","405.1","405.1","405.1","405.1","405.1","405.1","405.1","405.1","405.1","405.1","405.1","405.1","405.1","405.1","405.1","405.1","515.9","515.9","515.9","515.9","515.9","515.9","515.9","515.9","515.9","515.9","515.9","515.9","515.9","515.9","515.9","#N/A","564.1515","#N/A","567.5","567.5","567.5","567.5","567.5","567.5","567.5","567.5","567.5","567.5","567.5","567.5","567.5","567.5","631.9","631.9","631.9","631.9","631.9","631.9","631.9","631.9","631.9","631.9","631.9","631.9","631.9","631.9","631.9","631.9","631.9","631.9","631.9","631.9","631.9","631.9","771.8","771.8","771.8","771.8","771.8","771.8","771.8","771.8","771.8","771.8","771.8","771.8","771.8","771.8","771.8","771.8","936.3","936.3","936.3","936.3","936.3","936.3","936.3","936.3"
"1976:Q1","#N/A","#N/A","#N/A","#N/A","#N/A","#N/A","#N/A","#N/A","#N/A","#N/A","#N/A","#N/A","#N/A","#N/A","#N/A","#N/A","#N/A","#N/A","#N/A","#N/A","#N/A","#N/A","#N/A","#N/A","#N/A","#N/A","#N/A","#N/A","#N/A","#N/A","#N/A","#N/A","#N/A","#N/A","#N/A","#N/A","#N/A","#N/A","#N/A","#N/A","#N/A","#N/A","165.7","166.6","166.6","166.6","166.6","167.5","167.5","167.5","167.5","168.1","168.1","168.1","168.1","168.7","168.7","168.7","168.7","168.7","168.7","172.0","172.0","172.0","172.0","172.0","172.0","170.5","170.5","170.5","170.5","170.5","170.5","170.5","170.5","170.5","170.5","170.5","170.5","170.5","170.5","360.3","360.3","360.3","360.3","360.3","360.3","360.3","360.3","360.3","360.3","360.3","360.3","360.3","360.3","360.3","360.3","360.3","360.3","360.3","360.3","360.3","360.3","360.3","360.3","406.5","406.5","406.5","406.5","406.5","406.5","406.5","406.5","406.5","406.5","406.5","406.5","406.5","406.5","406.5","406.5","522.8","522.8","522.8","522.8","522.8","522.8","522.8","522.8","522.8","522.8","522.8","522.8","522.8","522.8","522.8","#N/A","571.5417","#N/A","575.4","575.4","575.4","575.4","575.4","575.4","575.4","575.4","575.4","575.4","575.4","575.4","575.4","575.4","638.7","638.7","638.7","638.7","638.7","638.7","638.7","638.7","638.7","638.7","638.7","638.7","638.7","638.7","638.7","638.7","638.7","638.7","638.7","638.7","638.7","638.7","780.4","780.4","780.4","780.4","780.4","780.4","780.4","780.4","780.2","780.2","780.2","780.2","780.2","780.2","780.2","780.2","946.6","946.6","946.6","946.6","946.6","946.6","946.6","946.6"
"1976:Q2","#N/A","#N/A","#N/A","#N/A","#N/A","#N/A","#N/A","#N/A","#N/A","#N/A","#N/A","#N/A","#N/A","#N/A","#N/A","#N/A","#N/A","#N/A","#N/A","#N/A","#N/A","#N/A","#N/A","#N/A","#N/A","#N/A","#N/A","#N/A","#N/A","#N/A","#N/A","#N/A","#N/A","#N/A","#N/A","#N/A","#N/A","#N/A","#N/A","#N/A","#N/A","#N/A","#N/A","167.9","167.7","167.7","167.7","168.4","168.4","168.4","168.4","167.3","167.3","167.3","167.3","167.1","167.1","167.1","167.1","167.1","167.1","170.1","170.1","170.1","170.1","170.1","170.1","168.6","168.6","168.6","168.6","168.6","168.6","168.6","168.6","168.6","168.6","168.6","168.6","168.6","168.6","357.0","357.0","357.0","357.0","357.0","357.0","357.0","357.0","357.0","357.0","357.0","357.0","357.0","357.0","357.0","357.0","357.0","357.0","357.0","357.0","357.0","357.0","357.0","357.0","400.8","400.8","400.8","400.8","400.8","400.8","400.8","400.8","400.8","400.8","400.8","400.8","400.8","400.8","400.8","400.8","514.1","514.1","514.1","514.1","514.1","514.1","514.1","514.1","514.1","514.1","514.1","514.1","514.1","514.1","514.1","#N/A","562.1926","#N/A","566.3","566.3","566.3","566.3","566.3","566.3","566.3","566.3","566.3","566.3","566.3","566.3","566.3","566.3","627.8","627.8","627.8","627.8","627.8","627.8","627.8","627.8","627.8","627.8","627.8","627.8","627.8","627.8","627.8","627.8","627.8","627.8","627.8","627.8","627.8","627.8","767.0","767.0","767.0","767.0","767.0","767.0","767.0","767.0","766.8","766.8","766.8","766.8","766.8","766.8","766.8","766.8","930.2","930.2","930.2","930.2","930.2","930.2","930.2","930.2"
"1976:Q3","#N/A","#N/A","#N/A","#N/A","#N/A","#N/A","#N/A","#N/A","#N/A","#N/A","#N/A","#N/A","#N/A","#N/A","#N/A","#N/A","#N/A","#N/A","#N/A","#N/A","#N/A","#N/A","#N/A","#N/A","#N/A","#N/A","#N/A","#N/A","#N/A","#N/A","#N/A","#N/A","#N/A","#N/A","#N/A","#N/A","#N/A","#N/A","#N/A","#N/A","#N/A","#N/A","#N/A","#N/A","168.4","168.2","168.2","168.0","168.0","168.0","168.0","165.7","165.7","165.7","165.7","166.3","166.3","166.3","166.3","166.3","166.3","169.2","169.2","169.2","169.2","169.2","169.2","167.6","167.6","167.6","167.6","167.6","167.6","167.6","167.6","167.6","167.6","167.6","167.6","167.6","167.6","354.0","354.0","354.0","354.0","354.0","354.0","354.0","354.0","354.0","354.0","354.0","354.0","354.0","354.0","354.0","354.0","354.0","354.0","354.0","354.0","354.0","354.0","354.0","354.0","399.3","399.3","399.3","399.3","399.3","399.3","399.3","399.3","399.3","399.3","399.3","399.3","399.3","399.3","399.3","399.3","511.0","511.0","511.0","511.0","511.0","511.0","511.0","511.0","511.0","511.0","511.0","511.0","511.0","511.0","511.0","#N/A","558.453","#N/A","562.9","562.9","562.9","562.9","562.9","562.9","562.9","562.9","562.9","562.9","562.9","562.9","562.9","562.9","623.4","623.4","623.4","623.4","623.4","623.4","623.4","623.4","623.4","623.4","623.4","623.4","623.4","623.4","623.4","623.4","623.4","623.4","623.4","623.4","623.4","623.4","761.7","761.7","761.7","761.7","761.7","761.7","761.7","761.7","761.5","761.5","761.5","761.5","761.5","761.5","761.5","761.5","924.1","924.1","924.1","924.1","924.1","924.1","924.1","924.1"
"1976:Q4","#N/A","#N/A","#N/A","#N/A","#N/A","#N/A","#N/A","#N/A","#N/A","#N/A","#N/A","#N/A","#N/A","#N/A","#N/A","#N/A","#N/A","#N/A","#N/A","#N/A","#N/A","#N/A","#N/A","#N/A","#N/A","#N/A","#N/A","#N/A","#N/A","#N/A","#N/A","#N/A","#N/A","#N/A","#N/A","#N/A","#N/A","#N/A","#N/A","#N/A","#N/A","#N/A","#N/A","#N/A","#N/A","167.7","167.3","167.5","167.5","167.5","167.5","163.8","163.8","163.8","163.8","165.5","165.5","165.5","165.5","165.5","165.5","168.8","168.8","168.8","168.8","168.8","168.8","167.1","167.1","167.1","167.1","167.1","167.1","167.1","167.1","167.1","167.1","167.1","167.1","167.1","167.1","352.8","352.8","352.8","352.8","352.8","352.8","352.8","352.8","352.8","352.8","352.8","352.8","352.8","352.8","352.8","352.8","352.8","352.8","352.8","352.8","352.8","352.8","352.8","352.8","397.7","397.7","397.7","397.7","397.7","397.7","397.7","397.7","397.7","397.7","397.7","397.7","397.7","397.7","397.7","397.7","509.4","509.4","509.4","509.4","509.4","509.4","509.4","509.4","509.4","509.4","509.4","509.4","509.4","509.4","509.4","#N/A","556.7612","#N/A","561.4","561.4","561.4","561.4","561.4","561.4","561.4","561.4","561.4","561.4","561.4","561.4","561.4","561.4","621.4","621.4","621.4","621.4","621.4","621.4","621.4","621.4","621.4","621.4","621.4","621.4","621.4","621.4","621.4","621.4","621.4","621.4","621.4","621.4","621.4","621.4","759.2","759.2","759.2","759.2","759.2","759.2","759.2","759.2","759.1","759.1","759.1","759.1","759.1","759.1","759.1","759.1","921.3","921.3","921.3","921.3","921.3","921.3","921.3","921.3"
"1977:Q1","#N/A","#N/A","#N/A","#N/A","#N/A","#N/A","#N/A","#N/A","#N/A","#N/A","#N/A","#N/A","#N/A","#N/A","#N/A","#N/A","#N/A","#N/A","#N/A","#N/A","#N/A","#N/A","#N/A","#N/A","#N/A","#N/A","#N/A","#N/A","#N/A","#N/A","#N/A","#N/A","#N/A","#N/A","#N/A","#N/A","#N/A","#N/A","#N/A","#N/A","#N/A","#N/A","#N/A","#N/A","#N/A","#N/A","166.5","166.4","166.4","166.4","166.4","164.1","164.1","164.1","164.1","166.0","166.0","166.0","166.0","166.0","166.0","170.0","170.0","170.0","170.0","170.0","170.0","168.0","168.0","168.0","168.0","168.0","168.0","168.0","168.0","168.0","168.0","168.0","168.0","168.0","168.0","356.3","356.3","356.3","356.3","356.3","356.3","356.3","356.3","356.3","356.3","356.3","356.3","356.3","356.3","356.3","356.3","356.3","356.3","356.3","356.3","356.3","356.3","356.3","356.3","399.9","399.9","399.9","399.9","399.9","399.9","399.9","399.9","399.9","399.9","399.9","399.9","399.9","399.9","399.9","399.9","513.9","513.9","513.9","513.9","513.9","513.9","513.9","513.9","513.9","513.9","513.9","513.9","513.9","513.9","513.9","#N/A","561.7474","#N/A","566.5","566.5","566.5","566.5","566.5","566.5","566.5","566.5","566.5","566.5","566.5","566.5","566.5","566.5","627.4","627.4","627.4","627.4","627.4","627.4","627.4","627.4","627.4","627.4","627.4","627.4","627.4","627.4","627.4","627.4","627.4","627.4","627.4","627.4","627.4","627.4","766.5","766.5","766.5","766.5","766.5","766.5","766.5","766.5","766.4","766.4","766.4","766.4","766.4","766.4","766.4","766.4","929.9","929.9","929.9","929.9","929.9","929.9","929.9","929.9"
"1977:Q2","#N/A","#N/A","#N/A","#N/A","#N/A","#N/A","#N/A","#N/A","#N/A","#N/A","#N/A","#N/A","#N/A","#N/A","#N/A","#N/A","#N/A","#N/A","#N/A","#N/A","#N/A","#N/A","#N/A","#N/A","#N/A","#N/A","#N/A","#N/A","#N/A","#N/A","#N/A","#N/A","#N/A","#N/A","#N/A","#N/A","#N/A","#N/A","#N/A","#N/A","#N/A","#N/A","#N/A","#N/A","#N/A","#N/A","#N/A","168.8","168.9","168.9","168.9","166.6","166.6","166.6","166.6","167.3","167.3","167.3","167.3","167.3","167.3","171.3","171.3","171.3","171.3","171.3","171.3","168.8","168.8","168.8","168.8","168.8","168.8","168.8","168.8","168.8","168.8","168.8","168.8","168.8","168.8","356.7","356.7","356.7","356.7","356.7","356.7","356.7","356.7","356.7","356.7","356.7","356.7","356.7","356.7","356.7","356.7","356.7","356.7","356.7","356.7","356.7","356.7","356.7","356.7","402.5","402.5","402.5","402.5","402.5","402.5","402.5","402.5","402.5","402.5","402.5","402.5","402.5","402.5","402.5","402.5","517.0","517.0","517.0","517.0","517.0","517.0","517.0","517.0","517.0","517.0","517.0","517.0","517.0","517.0","517.0","#N/A","565.0418","#N/A","569.9","569.9","569.9","569.9","569.9","569.9","569.9","569.9","569.9","569.9","569.9","569.9","569.9","569.9","631.1","631.1","631.1","631.1","631.1","631.1","631.1","631.1","631.1","631.1","631.1","631.1","631.1","631.1","631.1","631.1","631.1","631.1","631.1","631.1","631.1","631.1","771.0","771.0","771.0","771.0","771.0","771.0","771.0","771.0","770.9","770.9","770.9","770.9","770.9","770.9","770.9","770.9","935.4","935.4","935.4","935.4","935.4","935.4","935.4","935.4"
"1977:Q3","#N/A","#N/A","#N/A","#N/A","#N/A","#N/A","#N/A","#N/A","#N/A","#N/A","#N/A","#N/A","#N/A","#N/A","#N/A","#N/A","#N/A","#N/A","#N/A","#N/A","#N/A","#N/A","#N/A","#N/A","#N/A","#N/A","#N/A","#N/A","#N/A","#N/A","#N/A","#N/A","#N/A","#N/A","#N/A","#N/A","#N/A","#N/A","#N/A","#N/A","#N/A","#N/A","#N/A","#N/A","#N/A","#N/A","#N/A","#N/A","171.4","170.7","170.7","168.8","168.8","168.8","168.8","168.5","168.5","168.5","168.5","168.5","168.5","171.8","171.8","171.8","171.8","171.8","171.8","168.6","168.6","168.6","168.6","168.6","168.6","168.6","168.6","168.6","168.6","168.6","168.6","168.6","168.6","357.0","357.0","357.0","357.0","357.0","357.0","357.0","357.0","357.0","357.0","357.0","357.0","357.0","357.0","357.0","357.0","357.0","357.0","357.0","357.0","357.0","357.0","357.0","357.0","401.7","401.7","401.7","401.7","401.7","401.7","401.7","401.7","401.7","401.7","401.7","401.7","401.7","401.7","401.7","401.7","516.9","516.9","516.9","516.9","516.9","516.9","516.9","516.9","516.9","516.9","516.9","516.9","516.9","516.9","516.9","#N/A","564.5076","#N/A","569.2","569.2","569.2","569.2","569.2","569.2","569.2","569.2","569.2","569.2","569.2","569.2","569.2","569.2","630.4","630.4","630.4","630.4","630.4","630.4","630.4","630.4","630.4","630.4","630.4","630.4","630.4","630.4","630.4","630.4","630.4","630.4","630.4","630.4","630.4","630.4","770.1","770.1","770.1","770.1","770.1","770.1","770.1","770.1","770.1","770.1","770.1","770.1","770.1","770.1","770.1","770.1","934.5","934.5","934.5","934.5","934.5","934.5","934.5","934.5"
"1977:Q4","#N/A","#N/A","#N/A","#N/A","#N/A","#N/A","#N/A","#N/A","#N/A","#N/A","#N/A","#N/A","#N/A","#N/A","#N/A","#N/A","#N/A","#N/A","#N/A","#N/A","#N/A","#N/A","#N/A","#N/A","#N/A","#N/A","#N/A","#N/A","#N/A","#N/A","#N/A","#N/A","#N/A","#N/A","#N/A","#N/A","#N/A","#N/A","#N/A","#N/A","#N/A","#N/A","#N/A","#N/A","#N/A","#N/A","#N/A","#N/A","#N/A","172.8","172.8","170.9","170.9","170.9","170.9","169.8","169.8","169.8","169.8","169.8","169.8","173.4","173.4","173.4","173.4","173.4","173.4","169.6","169.6","169.6","169.6","169.6","169.6","169.6","169.6","169.6","169.6","169.6","169.6","169.6","169.6","358.9","358.9","358.9","358.9","358.9","358.9","358.9","358.9","358.9","358.9","358.9","358.9","358.9","358.9","358.9","358.9","358.9","358.9","358.9","358.9","358.9","358.9","358.9","358.9","400.0","400.0","400.0","400.0","400.0","400.0","400.0","400.0","400.0","400.0","400.0","400.0","400.0","400.0","400.0","400.0","517.7","517.7","517.7","517.7","517.7","517.7","517.7","517.7","517.7","517.7","517.7","517.7","517.7","517.7","517.7","#N/A","565.7542","570.3","570.3","570.3","570.3","570.3","570.3","570.3","570.3","570.3","570.3","570.3","570.3","570.3","570.3","570.3","631.5","631.5","631.5","631.5","631.5","631.5","631.5","631.5","631.5","631.5","631.5","631.5","631.5","631.5","631.5","631.5","631.5","631.5","631.5","631.5","631.5","631.5","771.3","771.3","771.3","771.3","771.3","771.3","771.3","771.3","771.4","771.4","771.4","771.4","771.4","771.4","771.4","771.4","936.0","936.0","936.0","936.0","936.0","936.0","936.0","936.0"
"1978:Q1","#N/A","#N/A","#N/A","#N/A","#N/A","#N/A","#N/A","#N/A","#N/A","#N/A","#N/A","#N/A","#N/A","#N/A","#N/A","#N/A","#N/A","#N/A","#N/A","#N/A","#N/A","#N/A","#N/A","#N/A","#N/A","#N/A","#N/A","#N/A","#N/A","#N/A","#N/A","#N/A","#N/A","#N/A","#N/A","#N/A","#N/A","#N/A","#N/A","#N/A","#N/A","#N/A","#N/A","#N/A","#N/A","#N/A","#N/A","#N/A","#N/A","#N/A","172.8","170.8","170.8","170.8","170.8","170.9","170.9","170.9","170.9","170.9","170.9","175.3","175.3","175.3","175.3","175.3","175.3","171.6","171.6","171.6","171.6","171.6","171.6","171.6","171.6","171.6","171.6","171.6","171.6","171.6","171.6","364.1","364.1","364.1","364.1","364.1","364.1","364.1","364.1","364.1","364.1","364.1","364.1","364.1","364.1","364.1","364.1","364.1","364.1","364.1","364.1","364.1","364.1","364.1","364.1","402.6","402.6","402.6","402.6","402.6","402.6","402.6","402.6","402.6","402.6","402.6","402.6","402.6","402.6","402.6","402.6","518.5","518.5","518.5","518.5","518.5","518.5","518.5","518.5","518.5","518.5","518.5","518.5","518.5","518.5","518.5","#N/A","566.6445","571.0","571.0","571.0","571.0","571.0","571.0","571.0","571.0","571.0","571.0","571.0","571.0","571.0","571.0","571.0","631.6","631.6","631.6","631.6","631.6","631.6","631.6","631.6","631.6","631.6","631.6","631.6","631.6","631.6","631.6","631.6","631.6","631.6","631.6","631.6","631.6","631.6","771.4","771.4","771.4","771.4","771.4","771.4","771.4","771.4","771.5","771.5","771.5","771.5","771.5","771.5","771.5","771.5","936.1","936.1","936.1","936.1","936.1","936.1","936.1","936.1"
"1978:Q2","#N/A","#N/A","#N/A","#N/A","#N/A","#N/A","#N/A","#N/A","#N/A","#N/A","#N/A","#N/A","#N/A","#N/A","#N/A","#N/A","#N/A","#N/A","#N/A","#N/A","#N/A","#N/A","#N/A","#N/A","#N/A","#N/A","#N/A","#N/A","#N/A","#N/A","#N/A","#N/A","#N/A","#N/A","#N/A","#N/A","#N/A","#N/A","#N/A","#N/A","#N/A","#N/A","#N/A","#N/A","#N/A","#N/A","#N/A","#N/A","#N/A","#N/A","#N/A","175.1","174.8","174.8","174.8","174.7","174.7","174.7","174.7","174.7","174.7","178.3","178.3","178.3","178.3","178.3","178.3","174.7","174.7","174.7","174.7","174.7","174.7","174.7","174.7","174.7","174.7","174.7","174.7","174.7","174.7","371.0","371.0","371.0","371.0","371.0","371.0","371.0","371.0","371.0","371.0","371.0","371.0","371.0","371.0","371.0","371.0","371.0","371.0","371.0","371.0","371.0","371.0","371.0","371.0","405.4","405.4","405.4","405.4","405.4","405.4","405.4","405.4","405.4","405.4","405.4","405.4","405.4","405.4","405.4","405.4","534.2","534.2","534.2","534.2","534.2","534.2","534.2","534.2","534.2","534.2","534.2","534.2","534.2","534.2","534.2","#N/A","583.651","587.8","587.8","587.8","587.8","587.8","587.8","587.8","587.8","587.8","587.8","587.8","587.8","587.8","587.8","587.8","650.2","650.2","650.2","650.2","650.2","650.2","650.2","650.2","650.2","650.2","650.2","650.2","650.2","650.2","650.2","650.2","650.2","650.2","650.2","650.2","650.2","650.2","794.0","794.0","794.0","794.0","794.0","794.0","794.0","794.0","794.2","794.2","794.2","794.2","794.2","794.2","794.2","794.2","963.9","963.9","963.9","963.9","963.9","963.9","963.9","963.9"
"1978:Q3","#N/A","#N/A","#N/A","#N/A","#N/A","#N/A","#N/A","#N/A","#N/A","#N/A","#N/A","#N/A","#N/A","#N/A","#N/A","#N/A","#N/A","#N/A","#N/A","#N/A","#N/A","#N/A","#N/A","#N/A","#N/A","#N/A","#N/A","#N/A","#N/A","#N/A","#N/A","#N/A","#N/A","#N/A","#N/A","#N/A","#N/A","#N/A","#N/A","#N/A","#N/A","#N/A","#N/A","#N/A","#N/A","#N/A","#N/A","#N/A","#N/A","#N/A","#N/A","#N/A","175.9","176.3","176.3","176.2","176.2","176.2","176.2","176.2","176.2","179.2","179.2","179.2","179.2","179.2","179.2","175.7","175.7","175.7","175.7","175.7","175.7","175.7","175.7","175.7","175.7","175.7","175.7","175.7","175.7","373.2","373.2","373.2","373.2","373.2","373.2","373.2","373.2","373.2","373.2","373.2","373.2","373.2","373.2","373.2","373.2","373.2","373.2","373.2","373.2","373.2","373.2","373.2","373.2","411.5","411.5","411.5","411.5","411.5","411.5","411.5","411.5","411.5","411.5","411.5","411.5","411.5","411.5","411.5","411.5","540.5","540.5","540.5","540.5","540.5","540.5","540.5","540.5","540.5","540.5","540.5","540.5","540.5","540.5","540.5","#N/A","590.5961","594.6","594.6","594.6","594.6","594.6","594.6","594.6","594.6","594.6","594.6","594.6","594.6","594.6","594.6","594.6","657.5","657.5","657.5","657.5","657.5","657.5","657.5","657.5","657.5","657.5","657.5","657.5","657.5","657.5","657.5","657.5","657.5","657.5","657.5","657.5","657.5","657.5","802.9","802.9","802.9","802.9","802.9","802.9","802.9","802.9","803.1","803.1","803.1","803.1","803.1","803.1","803.1","803.1","975.0","975.0","975.0","975.0","975.0","975.0","975.0","975.0"
"1978:Q4","#N/A","#N/A","#N/A","#N/A","#N/A","#N/A","#N/A","#N/A","#N/A","#N/A","#N/A","#N/A","#N/A","#N/A","#N/A","#N/A","#N/A","#N/A","#N/A","#N/A","#N/A","#N/A","#N/A","#N/A","#N/A","#N/A","#N/A","#N/A","#N/A","#N/A","#N/A","#N/A","#N/A","#N/A","#N/A","#N/A","#N/A","#N/A","#N/A","#N/A","#N/A","#N/A","#N/A","#N/A","#N/A","#N/A","#N/A","#N/A","#N/A","#N/A","#N/A","#N/A","#N/A","176.8","176.9","176.6","176.6","176.6","176.6","176.6","176.6","179.2","179.2","179.2","179.2","179.2","179.2","175.3","175.3","175.3","175.3","175.3","175.3","175.3","175.3","175.3","175.3","175.3","175.3","175.3","175.3","373.2","373.2","373.2","373.2","373.2","373.2","373.2","373.2","373.2","373.2","373.2","373.2","373.2","373.2","373.2","373.2","373.2","373.2","373.2","373.2","373.2","373.2","373.2","373.2","414.0","414.0","414.0","414.0","414.0","414.0","414.0","414.0","414.0","414.0","414.0","414.0","414.0","414.0","414.0","414.0","545.7","545.7","545.7","545.7","545.7","545.7","545.7","545.7","545.7","545.7","545.7","545.7","545.7","545.7","545.7","#N/A","596.4726","600.2","600.2","600.2","600.2","600.2","600.2","600.2","600.2","600.2","600.2","600.2","600.2","600.2","600.2","600.2","663.6","663.6","663.6","663.6","663.6","663.6","663.6","663.6","663.6","663.6","663.6","663.6","663.6","663.6","663.6","663.6","663.6","663.6","663.6","663.6","663.6","663.6","810.3","810.3","810.3","810.3","810.3","810.3","810.3","810.3","810.5","810.5","810.5","810.5","810.5","810.5","810.5","810.5","984.3","984.3","984.3","984.3","984.3","984.3","984.3","984.3"
"1979:Q1","#N/A","#N/A","#N/A","#N/A","#N/A","#N/A","#N/A","#N/A","#N/A","#N/A","#N/A","#N/A","#N/A","#N/A","#N/A","#N/A","#N/A","#N/A","#N/A","#N/A","#N/A","#N/A","#N/A","#N/A","#N/A","#N/A","#N/A","#N/A","#N/A","#N/A","#N/A","#N/A","#N/A","#N/A","#N/A","#N/A","#N/A","#N/A","#N/A","#N/A","#N/A","#N/A","#N/A","#N/A","#N/A","#N/A","#N/A","#N/A","#N/A","#N/A","#N/A","#N/A","#N/A","#N/A","174.9","173.6","173.6","173.6","173.6","173.6","173.6","177.7","177.7","177.7","177.7","177.7","177.7","174.2","174.2","174.2","174.2","174.2","174.2","174.2","174.2","174.2","174.2","174.2","174.2","174.2","174.2","370.3","370.3","370.3","370.3","370.3","370.3","370.3","370.3","370.3","370.3","370.3","370.3","370.3","370.3","370.3","370.3","370.3","370.3","370.3","370.3","370.3","370.3","370.3","370.3","410.8","410.8","410.8","410.8","410.8","410.8","410.8","410.8","410.8","410.8","410.8","410.8","410.8","410.8","410.8","410.8","536.8","536.8","536.8","536.8","536.8","536.8","536.8","536.8","536.8","536.8","536.8","536.8","536.8","536.8","536.8","#N/A","587.0345","590.6","590.6","590.6","590.6","590.6","590.6","590.6","590.6","590.6","590.6","590.6","590.6","590.6","590.6","590.6","652.6","652.6","652.6","652.6","652.6","652.6","652.6","652.6","652.6","652.6","652.6","652.6","652.6","652.6","652.6","652.6","652.6","652.6","652.6","652.6","652.6","652.6","797.0","797.0","797.0","797.0","797.0","797.0","797.0","797.0","797.2","797.2","797.2","797.2","797.2","797.2","797.2","797.2","967.8","967.8","967.8","967.8","967.8","967.8","967.8","967.8"
"1979:Q2","#N/A","#N/A","#N/A","#N/A","#N/A","#N/A","#N/A","#N/A","#N/A","#N/A","#N/A","#N/A","#N/A","#N/A","#N/A","#N/A","#N/A","#N/A","#N/A","#N/A","#N/A","#N/A","#N/A","#N/A","#N/A","#N/A","#N/A","#N/A","#N/A","#N/A","#N/A","#N/A","#N/A","#N/A","#N/A","#N/A","#N/A","#N/A","#N/A","#N/A","#N/A","#N/A","#N/A","#N/A","#N/A","#N/A","#N/A","#N/A","#N/A","#N/A","#N/A","#N/A","#N/A","#N/A","#N/A","174.9","174.3","174.3","174.3","174.3","174.3","179.4","179.4","179.4","179.4","179.4","179.4","175.9","175.9","175.9","175.9","175.9","175.9","175.9","175.9","175.9","175.9","175.9","175.9","175.9","175.9","373.0","373.0","373.0","373.0","373.0","373.0","373.0","373.0","373.0","373.0","373.0","373.0","373.0","373.0","373.0","373.0","373.0","373.0","373.0","373.0","373.0","373.0","373.0","373.0","417.1","417.1","417.1","417.1","417.1","417.1","417.1","417.1","417.1","417.1","417.1","417.1","417.1","417.1","417.1","417.1","541.9","541.9","541.9","541.9","541.9","541.9","541.9","541.9","541.9","541.9","541.9","541.9","541.9","541.9","541.9","#N/A","592.822","596.2","596.2","596.2","596.2","596.2","596.2","596.2","596.2","596.2","596.2","596.2","596.2","596.2","596.2","596.2","658.7","658.7","658.7","658.7","658.7","658.7","658.7","658.7","658.7","658.7","658.7","658.7","658.7","658.7","658.7","658.7","658.7","658.7","658.7","658.7","658.7","658.7","804.4","804.4","804.4","804.4","804.4","804.4","804.4","804.4","804.6","804.6","804.6","804.6","804.6","804.6","804.6","804.6","976.7","976.7","976.7","976.7","976.7","976.7","976.7","976.7"
"1979:Q3","#N/A","#N/A","#N/A","#N/A","#N/A","#N/A","#N/A","#N/A","#N/A","#N/A","#N/A","#N/A","#N/A","#N/A","#N/A","#N/A","#N/A","#N/A","#N/A","#N/A","#N/A","#N/A","#N/A","#N/A","#N/A","#N/A","#N/A","#N/A","#N/A","#N/A","#N/A","#N/A","#N/A","#N/A","#N/A","#N/A","#N/A","#N/A","#N/A","#N/A","#N/A","#N/A","#N/A","#N/A","#N/A","#N/A","#N/A","#N/A","#N/A","#N/A","#N/A","#N/A","#N/A","#N/A","#N/A","#N/A","175.0","175.6","175.6","175.6","175.6","181.2","181.2","181.2","181.2","181.2","181.2","176.8","176.8","176.8","176.8","176.8","176.8","176.8","176.8","176.8","176.8","176.8","176.8","176.8","176.8","374.0","374.0","374.0","374.0","374.0","374.0","374.0","374.0","374.0","374.0","374.0","374.0","374.0","374.0","374.0","374.0","374.0","374.0","374.0","374.0","374.0","374.0","374.0","374.0","420.1","420.1","420.1","420.1","420.1","420.1","420.1","420.1","420.1","420.1","420.1","420.1","420.1","420.1","420.1","420.1","544.5","544.5","544.5","544.5","544.5","544.5","544.5","544.5","544.5","544.5","544.5","544.5","544.5","544.5","544.5","#N/A","595.4042","598.4","598.4","598.4","598.4","598.4","598.4","598.4","598.4","598.4","598.4","598.4","598.4","598.4","598.4","598.4","661.1","661.1","661.1","661.1","661.1","661.1","661.1","661.1","661.1","661.1","661.1","661.1","661.1","661.1","661.1","661.1","661.1","661.1","661.1","661.1","661.1","661.1","807.4","807.4","807.4","807.4","807.4","807.4","807.4","807.4","807.5","807.5","807.5","807.5","807.5","807.5","807.5","807.5","980.0","980.0","980.0","980.0","980.0","980.0","980.0","980.0"
"1979:Q4","#N/A","#N/A","#N/A","#N/A","#N/A","#N/A","#N/A","#N/A","#N/A","#N/A","#N/A","#N/A","#N/A","#N/A","#N/A","#N/A","#N/A","#N/A","#N/A","#N/A","#N/A","#N/A","#N/A","#N/A","#N/A","#N/A","#N/A","#N/A","#N/A","#N/A","#N/A","#N/A","#N/A","#N/A","#N/A","#N/A","#N/A","#N/A","#N/A","#N/A","#N/A","#N/A","#N/A","#N/A","#N/A","#N/A","#N/A","#N/A","#N/A","#N/A","#N/A","#N/A","#N/A","#N/A","#N/A","#N/A","#N/A","175.9","176.0","176.0","176.0","182.2","182.2","182.2","182.2","182.2","182.2","177.8","177.8","177.8","177.8","177.8","177.8","177.8","177.8","177.8","177.8","177.8","177.8","177.8","177.8","374.6","374.6","374.6","374.6","374.6","374.6","374.6","374.6","374.6","374.6","374.6","374.6","374.6","374.6","374.6","374.6","374.6","374.6","374.6","374.6","374.6","374.6","374.6","374.6","422.4","422.4","422.4","422.4","422.4","422.4","422.4","422.4","422.4","422.4","422.4","422.4","422.4","422.4","422.4","422.4","550.9","550.9","550.9","550.9","550.9","550.9","550.9","550.9","550.9","550.9","550.9","550.9","550.9","550.9","550.9","#N/A","602.4382","605.2","605.2","605.2","605.2","605.2","605.2","605.2","605.2","605.2","605.2","605.2","605.2","605.2","605.2","605.2","668.6","668.6","668.6","668.6","668.6","668.6","668.6","668.6","668.6","668.6","668.6","668.6","668.6","668.6","668.6","668.6","668.6","668.6","668.6","668.6","668.6","668.6","816.7","816.7","816.7","816.7","816.7","816.7","816.7","816.7","816.7","816.7","816.7","816.7","816.7","816.7","816.7","816.7","991.1","991.1","991.1","991.1","991.1","991.1","991.1","991.1"
"1980:Q1","#N/A","#N/A","#N/A","#N/A","#N/A","#N/A","#N/A","#N/A","#N/A","#N/A","#N/A","#N/A","#N/A","#N/A","#N/A","#N/A","#N/A","#N/A","#N/A","#N/A","#N/A","#N/A","#N/A","#N/A","#N/A","#N/A","#N/A","#N/A","#N/A","#N/A","#N/A","#N/A","#N/A","#N/A","#N/A","#N/A","#N/A","#N/A","#N/A","#N/A","#N/A","#N/A","#N/A","#N/A","#N/A","#N/A","#N/A","#N/A","#N/A","#N/A","#N/A","#N/A","#N/A","#N/A","#N/A","#N/A","#N/A","#N/A","175.7","175.7","175.7","182.5","182.5","182.5","182.5","182.5","182.5","178.3","178.3","178.3","178.3","178.1","178.1","178.1","178.1","178.1","178.1","178.1","178.1","178.1","178.1","374.5","374.5","374.5","374.5","374.5","374.5","374.5","374.5","374.5","374.5","374.5","374.5","374.5","374.5","374.5","374.5","374.5","374.5","374.5","374.5","374.5","374.5","374.5","374.5","423.7","423.7","423.7","423.7","423.7","423.7","423.7","423.7","423.7","423.7","423.7","423.7","423.7","423.7","423.7","423.7","553.2","553.2","553.2","553.2","553.2","553.2","553.2","553.2","553.2","553.2","553.2","553.2","553.2","553.2","553.2","#N/A","605.6437","608.0","608.0","608.0","608.0","608.0","608.0","608.0","608.0","608.0","608.0","608.0","608.0","608.0","608.0","608.0","671.8","671.8","671.8","671.8","671.8","671.8","671.8","671.8","671.8","671.8","671.8","671.8","671.8","671.8","671.8","671.8","671.8","671.8","671.8","671.8","671.8","671.8","820.8","820.8","820.8","820.8","820.8","820.8","820.8","820.8","820.5","820.5","820.5","820.5","820.5","820.5","820.5","820.5","995.8","995.8","995.8","995.8","995.8","995.8","995.8","995.8"
"1980:Q2","#N/A","#N/A","#N/A","#N/A","#N/A","#N/A","#N/A","#N/A","#N/A","#N/A","#N/A","#N/A","#N/A","#N/A","#N/A","#N/A","#N/A","#N/A","#N/A","#N/A","#N/A","#N/A","#N/A","#N/A","#N/A","#N/A","#N/A","#N/A","#N/A","#N/A","#N/A","#N/A","#N/A","#N/A","#N/A","#N/A","#N/A","#N/A","#N/A","#N/A","#N/A","#N/A","#N/A","#N/A","#N/A","#N/A","#N/A","#N/A","#N/A","#N/A","#N/A","#N/A","#N/A","#N/A","#N/A","#N/A","#N/A","#N/A","#N/A","174.0","174.3","181.2","181.2","181.2","181.2","181.2","181.2","177.8","177.8","177.8","177.8","177.5","177.5","177.5","177.5","177.5","177.5","177.5","177.5","177.5","177.5","373.5","373.5","373.5","373.5","373.5","373.5","373.5","373.5","373.5","373.5","373.5","373.5","373.5","373.5","373.5","373.5","373.5","373.5","373.5","373.5","373.5","373.5","373.5","373.5","419.7","419.7","419.7","419.7","419.7","419.7","419.7","419.7","419.7","419.7","419.7","419.7","419.7","419.7","419.7","419.7","546.1","546.1","546.1","546.1","546.1","546.1","546.1","546.1","546.1","546.1","546.1","546.1","546.1","546.1","546.1","#N/A","597.8973","600.0","600.0","600.0","600.0","600.0","600.0","600.0","600.0","600.0","600.0","600.0","600.0","600.0","600.0","600.0","663.0","663.0","663.0","663.0","663.0","663.0","663.0","663.0","663.0","663.0","663.0","663.0","663.0","663.0","663.0","663.0","663.0","663.0","663.0","663.0","663.0","663.0","810.2","810.2","810.2","810.2","810.2","810.2","810.2","810.2","809.8","809.8","809.8","809.8","809.8","809.8","809.8","809.8","982.9","982.9","982.9","982.9","982.9","982.9","982.9","982.9"
"1980:Q3","#N/A","#N/A","#N/A","#N/A","#N/A","#N/A","#N/A","#N/A","#N/A","#N/A","#N/A","#N/A","#N/A","#N/A","#N/A","#N/A","#N/A","#N/A","#N/A","#N/A","#N/A","#N/A","#N/A","#N/A","#N/A","#N/A","#N/A","#N/A","#N/A","#N/A","#N/A","#N/A","#N/A","#N/A","#N/A","#N/A","#N/A","#N/A","#N/A","#N/A","#N/A","#N/A","#N/A","#N/A","#N/A","#N/A","#N/A","#N/A","#N/A","#N/A","#N/A","#N/A","#N/A","#N/A","#N/A","#N/A","#N/A","#N/A","#N/A","#N/A","173.9","181.3","181.3","181.3","181.3","181.3","181.3","177.9","177.9","177.9","177.9","177.8","177.8","177.8","177.8","177.8","177.8","177.8","177.8","177.8","177.8","372.9","372.9","372.9","372.9","372.9","372.9","372.9","372.9","372.9","372.9","372.9","372.9","372.9","372.9","372.9","372.9","372.9","372.9","372.9","372.9","372.9","372.9","372.9","372.9","416.2","416.2","416.2","416.2","416.2","416.2","416.2","416.2","416.2","416.2","416.2","416.2","416.2","416.2","416.2","416.2","538.6","538.6","538.6","538.6","538.6","538.6","538.6","538.6","538.6","538.6","538.6","538.6","538.6","538.6","538.6","#N/A","589.7947","591.7","591.7","591.7","591.7","591.7","591.7","591.7","591.7","591.7","591.7","591.7","591.7","591.7","591.7","591.7","653.7","653.7","653.7","653.7","653.7","653.7","653.7","653.7","653.7","653.7","653.7","653.7","653.7","653.7","653.7","653.7","653.7","653.7","653.7","653.7","653.7","653.7","798.8","798.8","798.8","798.8","798.8","798.8","798.8","798.8","798.4","798.4","798.4","798.4","798.4","798.4","798.4","798.4","967.9","967.9","967.9","967.9","967.9","967.9","967.9","967.9"
"1980:Q4","#N/A","#N/A","#N/A","#N/A","#N/A","#N/A","#N/A","#N/A","#N/A","#N/A","#N/A","#N/A","#N/A","#N/A","#N/A","#N/A","#N/A","#N/A","#N/A","#N/A","#N/A","#N/A","#N/A","#N/A","#N/A","#N/A","#N/A","#N/A","#N/A","#N/A","#N/A","#N/A","#N/A","#N/A","#N/A","#N/A","#N/A","#N/A","#N/A","#N/A","#N/A","#N/A","#N/A","#N/A","#N/A","#N/A","#N/A","#N/A","#N/A","#N/A","#N/A","#N/A","#N/A","#N/A","#N/A","#N/A","#N/A","#N/A","#N/A","#N/A","#N/A","181.6","182.4","182.4","182.4","182.4","182.4","178.4","178.4","178.4","178.4","178.3","178.3","178.3","178.3","178.3","178.3","178.3","178.3","178.3","178.3","373.4","373.4","373.4","373.4","373.4","373.4","373.4","373.4","373.4","373.4","373.4","373.4","373.4","373.4","373.4","373.4","373.4","373.4","373.4","373.4","373.4","373.4","373.4","373.4","417.8","417.8","417.8","417.8","417.8","417.8","417.8","417.8","417.8","417.8","417.8","417.8","417.8","417.8","417.8","417.8","536.6","536.6","536.6","536.6","536.6","536.6","536.6","536.6","536.6","536.6","536.6","536.6","536.6","536.6","536.6","#N/A","587.3906","589.3","589.3","589.3","589.3","589.3","589.3","589.3","589.3","589.3","589.3","589.3","589.3","589.3","589.3","589.3","650.9","650.9","650.9","650.9","650.9","650.9","650.9","650.9","650.9","650.9","650.9","650.9","650.9","650.9","650.9","650.9","650.9","650.9","650.9","650.9","650.9","650.9","795.3","795.3","795.3","795.3","795.3","795.3","795.3","795.3","794.9","794.9","794.9","794.9","794.9","794.9","794.9","794.9","963.2","963.2","963.2","963.2","963.2","963.2","963.2","963.2"
"1981:Q1","#N/A","#N/A","#N/A","#N/A","#N/A","#N/A","#N/A","#N/A","#N/A","#N/A","#N/A","#N/A","#N/A","#N/A","#N/A","#N/A","#N/A","#N/A","#N/A","#N/A","#N/A","#N/A","#N/A","#N/A","#N/A","#N/A","#N/A","#N/A","#N/A","#N/A","#N/A","#N/A","#N/A","#N/A","#N/A","#N/A","#N/A","#N/A","#N/A","#N/A","#N/A","#N/A","#N/A","#N/A","#N/A","#N/A","#N/A","#N/A","#N/A","#N/A","#N/A","#N/A","#N/A","#N/A","#N/A","#N/A","#N/A","#N/A","#N/A","#N/A","#N/A","#N/A","182.3","182.5","182.5","182.5","182.5","179.0","179.0","179.0","179.0","178.3","178.3","178.3","178.3","178.6","178.6","178.6","178.6","178.6","178.6","374.2","374.2","374.2","374.2","374.2","374.2","374.2","374.2","374.2","374.2","374.2","374.2","374.2","374.2","374.2","374.2","374.2","374.2","374.2","374.2","374.2","374.2","374.2","374.2","421.6","421.6","421.6","421.6","421.6","421.6","421.6","421.6","421.6","421.6","421.6","421.6","421.6","421.6","421.6","421.6","540.7","540.7","540.7","540.7","540.7","540.7","540.7","540.7","540.7","540.7","540.7","540.7","540.7","540.7","540.7","#N/A","591.8426","593.8","593.8","593.8","593.8","593.8","593.8","593.8","593.8","593.8","593.8","593.8","593.8","593.8","593.8","593.8","655.8","655.8","655.8","655.8","655.8","655.8","655.8","655.8","655.8","655.8","655.8","655.8","655.8","655.8","655.8","655.8","655.8","655.8","655.8","655.8","655.8","655.8","801.2","801.2","801.2","801.2","801.2","801.2","801.2","801.2","800.9","800.9","800.9","800.9","800.9","800.9","800.9","800.9","970.7","970.7","970.7","970.7","970.7","970.7","970.7","970.7"
"1981:Q2","#N/A","#N/A","#N/A","#N/A","#N/A","#N/A","#N/A","#N/A","#N/A","#N/A","#N/A","#N/A","#N/A","#N/A","#N/A","#N/A","#N/A","#N/A","#N/A","#N/A","#N/A","#N/A","#N/A","#N/A","#N/A","#N/A","#N/A","#N/A","#N/A","#N/A","#N/A","#N/A","#N/A","#N/A","#N/A","#N/A","#N/A","#N/A","#N/A","#N/A","#N/A","#N/A","#N/A","#N/A","#N/A","#N/A","#N/A","#N/A","#N/A","#N/A","#N/A","#N/A","#N/A","#N/A","#N/A","#N/A","#N/A","#N/A","#N/A","#N/A","#N/A","#N/A","#N/A","180.8","180.7","180.7","180.7","176.9","176.9","176.9","176.9","176.2","176.2","176.2","176.2","176.9","176.9","176.9","176.9","176.9","176.9","370.4","370.4","370.4","370.4","370.4","370.4","370.4","370.4","370.4","370.4","370.4","370.4","370.4","370.4","370.4","370.4","370.4","370.4","370.4","370.4","370.4","370.4","370.4","370.4","416.2","416.2","416.2","416.2","416.2","416.2","416.2","416.2","416.2","416.2","416.2","416.2","416.2","416.2","416.2","416.2","530.3","530.3","530.3","530.3","530.3","530.3","530.3","530.3","530.3","530.3","530.3","530.3","530.3","530.3","530.3","#N/A","580.6237","582.5","582.5","582.5","582.5","582.5","582.5","582.5","582.5","582.5","582.5","582.5","582.5","582.5","582.5","582.5","643.2","643.2","643.2","643.2","643.2","643.2","643.2","643.2","643.2","643.2","643.2","643.2","643.2","643.2","643.2","643.2","643.2","643.2","643.2","643.2","643.2","643.2","785.7","785.7","785.7","785.7","785.7","785.7","785.7","785.7","785.6","785.6","785.6","785.6","785.6","785.6","785.6","785.6","952.4","952.4","952.4","952.4","952.4","952.4","952.4","952.4"
"1981:Q3","#N/A","#N/A","#N/A","#N/A","#N/A","#N/A","#N/A","#N/A","#N/A","#N/A","#N/A","#N/A","#N/A","#N/A","#N/A","#N/A","#N/A","#N/A","#N/A","#N/A","#N/A","#N/A","#N/A","#N/A","#N/A","#N/A","#N/A","#N/A","#N/A","#N/A","#N/A","#N/A","#N/A","#N/A","#N/A","#N/A","#N/A","#N/A","#N/A","#N/A","#N/A","#N/A","#N/A","#N/A","#N/A","#N/A","#N/A","#N/A","#N/A","#N/A","#N/A","#N/A","#N/A","#N/A","#N/A","#N/A","#N/A","#N/A","#N/A","#N/A","#N/A","#N/A","#N/A","#N/A","178.9","178.8","178.8","175.7","175.7","175.7","175.7","175.0","175.0","175.0","175.0","175.7","175.7","175.7","175.7","175.7","175.7","367.5","367.5","367.5","367.5","367.5","367.5","367.5","367.5","367.5","367.5","367.5","367.5","367.5","367.5","367.5","367.5","367.5","367.5","367.5","367.5","367.5","367.5","367.5","367.5","414.2","414.2","414.2","414.2","414.2","414.2","414.2","414.2","414.2","414.2","414.2","414.2","414.2","414.2","414.2","414.2","528.2","528.2","528.2","528.2","528.2","528.2","528.2","528.2","528.2","528.2","528.2","528.2","528.2","528.2","528.2","#N/A","578.6648","580.5","580.5","580.5","580.5","580.5","580.5","580.5","580.5","580.5","580.5","580.5","580.5","580.5","580.5","580.5","641.1","641.1","641.1","641.1","641.1","641.1","641.1","641.1","641.1","641.1","641.1","641.1","641.1","641.1","641.1","641.1","641.1","641.1","641.1","641.1","641.1","641.1","783.1","783.1","783.1","783.1","783.1","783.1","783.1","783.1","783.0","783.0","783.0","783.0","783.0","783.0","783.0","783.0","949.7","949.7","949.7","949.7","949.7","949.7","949.7","949.7"
"1981:Q4","#N/A","#N/A","#N/A","#N/A","#N/A","#N/A","#N/A","#N/A","#N/A","#N/A","#N/A","#N/A","#N/A","#N/A","#N/A","#N/A","#N/A","#N/A","#N/A","#N/A","#N/A","#N/A","#N/A","#N/A","#N/A","#N/A","#N/A","#N/A","#N/A","#N/A","#N/A","#N/A","#N/A","#N/A","#N/A","#N/A","#N/A","#N/A","#N/A","#N/A","#N/A","#N/A","#N/A","#N/A","#N/A","#N/A","#N/A","#N/A","#N/A","#N/A","#N/A","#N/A","#N/A","#N/A","#N/A","#N/A","#N/A","#N/A","#N/A","#N/A","#N/A","#N/A","#N/A","#N/A","#N/A","178.8","178.8","175.3","175.3","175.3","175.3","175.1","175.1","175.1","175.1","175.9","175.9","175.9","175.9","175.9","175.9","368.4","368.4","368.4","368.4","368.4","368.4","368.4","368.4","368.4","368.4","368.4","368.4","368.4","368.4","368.4","368.4","368.4","368.4","368.4","368.4","368.4","368.4","368.4","368.4","417.5","417.5","417.5","417.5","417.5","417.5","417.5","417.5","417.5","417.5","417.5","417.5","417.5","417.5","417.5","417.5","532.0","532.0","532.0","532.0","532.0","532.0","532.0","532.0","532.0","532.0","532.0","532.0","532.0","532.0","532.0","#N/A","583.2948","584.9","584.9","584.9","584.9","584.9","584.9","584.9","584.9","584.9","584.9","584.9","584.9","584.9","584.9","584.9","646.2","646.2","646.2","646.2","646.2","646.2","646.2","646.2","646.2","646.2","646.2","646.2","646.2","646.2","646.2","646.2","646.2","646.2","646.2","646.2","646.2","646.2","789.3","789.3","789.3","789.3","789.3","789.3","789.3","789.3","789.3","789.3","789.3","789.3","789.3","789.3","789.3","789.3","957.1","957.1","957.1","957.1","957.1","957.1","957.1","957.1"
"1982:Q1","#N/A","#N/A","#N/A","#N/A","#N/A","#N/A","#N/A","#N/A","#N/A","#N/A","#N/A","#N/A","#N/A","#N/A","#N/A","#N/A","#N/A","#N/A","#N/A","#N/A","#N/A","#N/A","#N/A","#N/A","#N/A","#N/A","#N/A","#N/A","#N/A","#N/A","#N/A","#N/A","#N/A","#N/A","#N/A","#N/A","#N/A","#N/A","#N/A","#N/A","#N/A","#N/A","#N/A","#N/A","#N/A","#N/A","#N/A","#N/A","#N/A","#N/A","#N/A","#N/A","#N/A","#N/A","#N/A","#N/A","#N/A","#N/A","#N/A","#N/A","#N/A","#N/A","#N/A","#N/A","#N/A","#N/A","177.5","174.9","174.9","174.9","174.9","174.9","174.9","174.9","174.9","175.4","175.4","175.4","175.4","175.4","175.4","367.7","367.7","367.7","367.7","367.7","367.7","367.7","367.7","367.7","367.7","367.7","367.7","367.7","367.7","367.7","367.7","367.7","367.7","367.7","367.7","367.7","367.7","367.7","367.7","415.2","415.2","415.2","415.2","415.2","415.2","415.2","415.2","415.2","415.2","415.2","415.2","415.2","415.2","415.2","415.2","529.6","529.6","529.6","529.6","529.6","529.6","529.6","529.6","529.6","529.6","529.6","529.6","529.6","529.6","529.6","#N/A","581.6031","582.9","582.9","582.9","582.9","582.9","582.9","582.9","582.9","582.9","582.9","582.9","582.9","582.9","582.9","582.9","644.3","644.3","644.3","644.3","644.3","644.3","644.3","644.3","644.3","644.3","644.3","644.3","644.3","644.3","644.3","644.3","644.3","644.3","644.3","644.3","644.3","644.3","786.8","786.8","786.8","786.8","786.8","786.8","786.8","786.8","786.8","786.8","786.8","786.8","786.8","786.8","786.8","786.8","954.4","954.4","954.4","954.4","954.4","954.4","954.4","954.4"
"1982:Q2","#N/A","#N/A","#N/A","#N/A","#N/A","#N/A","#N/A","#N/A","#N/A","#N/A","#N/A","#N/A","#N/A","#N/A","#N/A","#N/A","#N/A","#N/A","#N/A","#N/A","#N/A","#N/A","#N/A","#N/A","#N/A","#N/A","#N/A","#N/A","#N/A","#N/A","#N/A","#N/A","#N/A","#N/A","#N/A","#N/A","#N/A","#N/A","#N/A","#N/A","#N/A","#N/A","#N/A","#N/A","#N/A","#N/A","#N/A","#N/A","#N/A","#N/A","#N/A","#N/A","#N/A","#N/A","#N/A","#N/A","#N/A","#N/A","#N/A","#N/A","#N/A","#N/A","#N/A","#N/A","#N/A","#N/A","#N/A","175.0","175.0","175.0","175.0","175.4","175.4","175.4","175.4","176.0","176.0","176.0","176.0","176.0","176.0","369.2","369.2","369.2","369.2","369.2","369.2","369.2","369.2","369.2","369.2","369.2","369.2","369.2","369.2","369.2","369.2","369.2","369.2","369.2","369.2","369.2","369.2","369.2","369.2","417.6","417.6","417.6","417.6","417.6","417.6","417.6","417.6","417.6","417.6","417.6","417.6","417.6","417.6","417.6","417.6","531.2","531.2","531.2","531.2","531.2","531.2","531.2","531.2","531.2","531.2","531.2","531.2","531.2","531.2","531.2","#N/A","583.1168","584.3","584.3","584.3","584.3","584.3","584.3","584.3","584.3","584.3","584.3","584.3","584.3","584.3","584.3","584.3","646.3","646.3","646.3","646.3","646.3","646.3","646.3","646.3","646.3","646.3","646.3","646.3","646.3","646.3","646.3","646.3","646.3","646.3","646.3","646.3","646.3","646.3","789.3","789.3","789.3","789.3","789.3","789.3","789.3","789.3","789.3","789.3","789.3","789.3","789.3","789.3","789.3","789.3","957.7","957.7","957.7","957.7","957.7","957.7","957.7","957.7"
"1982:Q3","#N/A","#N/A","#N/A","#N/A","#N/A","#N/A","#N/A","#N/A","#N/A","#N/A","#N/A","#N/A","#N/A","#N/A","#N/A","#N/A","#N/A","#N/A","#N/A","#N/A","#N/A","#N/A","#N/A","#N/A","#N/A","#N/A","#N/A","#N/A","#N/A","#N/A","#N/A","#N/A","#N/A","#N/A","#N/A","#N/A","#N/A","#N/A","#N/A","#N/A","#N/A","#N/A","#N/A","#N/A","#N/A","#N/A","#N/A","#N/A","#N/A","#N/A","#N/A","#N/A","#N/A","#N/A","#N/A","#N/A","#N/A","#N/A","#N/A","#N/A","#N/A","#N/A","#N/A","#N/A","#N/A","#N/A","#N/A","#N/A","174.7","174.9","174.9","175.3","175.3","175.3","175.3","175.7","175.7","175.7","175.7","175.7","175.7","368.6","368.6","368.6","368.6","368.6","368.6","368.6","368.6","368.6","368.6","368.6","368.6","368.6","368.6","368.6","368.6","368.6","368.6","368.6","368.6","368.6","368.6","368.6","368.6","417.6","417.6","417.6","417.6","417.6","417.6","417.6","417.6","417.6","417.6","417.6","417.6","417.6","417.6","417.6","417.6","530.8","530.8","530.8","530.8","530.8","530.8","530.8","530.8","530.8","530.8","530.8","530.8","530.8","530.8","530.8","#N/A","582.6716","583.8","583.8","583.8","583.8","583.8","583.8","583.8","583.8","583.8","583.8","583.8","583.8","583.8","583.8","583.8","646.3","646.3","646.3","646.3","646.3","646.3","646.3","646.3","646.3","646.3","646.3","646.3","646.3","646.3","646.3","646.3","646.3","646.3","646.3","646.3","646.3","646.3","789.4","789.4","789.4","789.4","789.4","789.4","789.4","789.4","789.4","789.4","789.4","789.4","789.4","789.4","789.4","789.4","957.7","957.7","957.7","957.7","957.7","957.7","957.7","957.7"
"1982:Q4","#N/A","#N/A","#N/A","#N/A","#N/A","#N/A","#N/A","#N/A","#N/A","#N/A","#N/A","#N/A","#N/A","#N/A","#N/A","#N/A","#N/A","#N/A","#N/A","#N/A","#N/A","#N/A","#N/A","#N/A","#N/A","#N/A","#N/A","#N/A","#N/A","#N/A","#N/A","#N/A","#N/A","#N/A","#N/A","#N/A","#N/A","#N/A","#N/A","#N/A","#N/A","#N/A","#N/A","#N/A","#N/A","#N/A","#N/A","#N/A","#N/A","#N/A","#N/A","#N/A","#N/A","#N/A","#N/A","#N/A","#N/A","#N/A","#N/A","#N/A","#N/A","#N/A","#N/A","#N/A","#N/A","#N/A","#N/A","#N/A","#N/A","175.4","174.8","175.2","175.2","175.2","175.2","175.8","175.8","175.8","175.8","175.8","175.8","370.6","370.6","370.6","370.6","370.6","370.6","370.6","370.6","370.6","370.6","370.6","370.6","370.6","370.6","370.6","370.6","370.6","370.6","370.6","370.6","370.6","370.6","370.6","370.6","419.9","419.9","419.9","419.9","419.9","419.9","419.9","419.9","419.9","419.9","419.9","419.9","419.9","419.9","419.9","419.9","533.8","533.8","533.8","533.8","533.8","533.8","533.8","533.8","533.8","533.8","533.8","533.8","533.8","533.8","533.8","#N/A","586.2331","587.5","587.5","587.5","587.5","587.5","587.5","587.5","587.5","587.5","587.5","587.5","587.5","587.5","587.5","587.5","650.8","650.8","650.8","650.8","650.8","650.8","650.8","650.8","650.8","650.8","650.8","650.8","650.8","650.8","650.8","650.8","650.8","650.8","650.8","650.8","650.8","650.8","794.9","794.9","794.9","794.9","794.9","794.9","794.9","794.9","794.8","794.8","794.8","794.8","794.8","794.8","794.8","794.8","964.9","964.9","964.9","964.9","964.9","964.9","964.9","964.9"
"1983:Q1","#N/A","#N/A","#N/A","#N/A","#N/A","#N/A","#N/A","#N/A","#N/A","#N/A","#N/A","#N/A","#N/A","#N/A","#N/A","#N/A","#N/A","#N/A","#N/A","#N/A","#N/A","#N/A","#N/A","#N/A","#N/A","#N/A","#N/A","#N/A","#N/A","#N/A","#N/A","#N/A","#N/A","#N/A","#N/A","#N/A","#N/A","#N/A","#N/A","#N/A","#N/A","#N/A","#N/A","#N/A","#N/A","#N/A","#N/A","#N/A","#N/A","#N/A","#N/A","#N/A","#N/A","#N/A","#N/A","#N/A","#N/A","#N/A","#N/A","#N/A","#N/A","#N/A","#N/A","#N/A","#N/A","#N/A","#N/A","#N/A","#N/A","#N/A","175.1","174.5","174.5","174.5","174.5","175.3","175.3","175.3","175.3","175.3","175.3","369.9","369.9","371.0","371.0","371.0","371.0","371.0","371.0","371.0","371.0","371.0","371.0","371.0","371.0","371.0","371.0","371.0","371.0","371.0","371.0","371.0","371.0","371.0","371.0","419.8","419.8","419.8","419.8","419.8","419.8","419.8","419.8","419.8","419.8","419.8","419.8","419.8","419.8","419.8","419.8","534.1","534.1","534.1","534.1","534.1","534.1","534.1","534.1","534.1","534.1","534.1","534.1","534.1","534.1","534.1","#N/A","587.1235","588.7","588.7","588.7","588.7","588.7","588.7","588.7","588.7","588.7","588.7","588.7","588.7","588.7","588.7","588.7","653.2","653.2","653.2","653.2","653.2","653.2","653.2","653.2","653.2","653.2","653.2","653.2","653.2","653.2","653.2","653.2","653.2","653.2","653.2","653.2","653.2","653.2","797.7","797.7","797.7","797.7","797.7","797.7","797.7","797.7","797.7","797.7","797.7","797.7","797.7","797.7","797.7","797.7","968.3","968.3","968.3","968.3","968.3","968.3","968.3","968.3"
"1983:Q2","#N/A","#N/A","#N/A","#N/A","#N/A","#N/A","#N/A","#N/A","#N/A","#N/A","#N/A","#N/A","#N/A","#N/A","#N/A","#N/A","#N/A","#N/A","#N/A","#N/A","#N/A","#N/A","#N/A","#N/A","#N/A","#N/A","#N/A","#N/A","#N/A","#N/A","#N/A","#N/A","#N/A","#N/A","#N/A","#N/A","#N/A","#N/A","#N/A","#N/A","#N/A","#N/A","#N/A","#N/A","#N/A","#N/A","#N/A","#N/A","#N/A","#N/A","#N/A","#N/A","#N/A","#N/A","#N/A","#N/A","#N/A","#N/A","#N/A","#N/A","#N/A","#N/A","#N/A","#N/A","#N/A","#N/A","#N/A","#N/A","#N/A","#N/A","#N/A","174.0","174.5","174.5","174.5","175.2","175.2","175.2","175.2","175.2","175.2","370.6","370.6","372.4","372.4","372.4","372.4","372.4","372.4","372.4","372.4","372.4","372.4","372.4","372.4","372.4","372.4","372.4","372.4","372.4","372.4","372.4","372.4","372.4","372.4","421.2","421.2","421.2","421.2","421.2","421.2","421.2","421.2","421.2","421.2","421.2","421.2","421.2","421.2","421.2","421.2","532.7","532.7","532.7","532.7","532.7","532.7","532.7","532.7","532.7","532.7","532.7","532.7","532.7","532.7","532.7","#N/A","585.3427","587.1","587.1","587.1","587.1","587.1","587.1","587.1","587.1","587.1","587.1","587.1","587.1","587.1","587.1","587.1","651.6","651.6","651.6","651.6","651.6","651.6","651.6","651.6","651.6","651.6","651.6","651.6","651.6","651.6","651.6","651.6","651.6","651.6","651.6","651.6","651.6","651.6","795.8","795.8","795.8","795.8","795.8","795.8","795.8","795.8","795.8","795.8","795.8","795.8","795.8","795.8","795.8","795.8","966.4","966.4","966.4","966.4","966.4","966.4","966.4","966.4"
"1983:Q3","#N/A","#N/A","#N/A","#N/A","#N/A","#N/A","#N/A","#N/A","#N/A","#N/A","#N/A","#N/A","#N/A","#N/A","#N/A","#N/A","#N/A","#N/A","#N/A","#N/A","#N/A","#N/A","#N/A","#N/A","#N/A","#N/A","#N/A","#N/A","#N/A","#N/A","#N/A","#N/A","#N/A","#N/A","#N/A","#N/A","#N/A","#N/A","#N/A","#N/A","#N/A","#N/A","#N/A","#N/A","#N/A","#N/A","#N/A","#N/A","#N/A","#N/A","#N/A","#N/A","#N/A","#N/A","#N/A","#N/A","#N/A","#N/A","#N/A","#N/A","#N/A","#N/A","#N/A","#N/A","#N/A","#N/A","#N/A","#N/A","#N/A","#N/A","#N/A","#N/A","176.6","176.3","176.3","176.4","176.4","176.4","176.4","176.4","176.4","374.1","374.1","376.0","376.0","376.0","376.0","376.0","376.0","376.0","376.0","376.0","376.0","376.0","376.0","376.0","376.0","376.0","376.0","376.0","376.0","376.0","376.0","376.0","376.0","425.3","425.3","425.3","425.3","425.3","425.3","425.3","425.3","425.3","425.3","425.3","425.3","425.3","425.3","425.3","425.3","536.6","536.6","536.6","536.6","536.6","536.6","536.6","536.6","536.6","536.6","536.6","536.6","536.6","536.6","536.6","#N/A","589.8837","591.7","591.7","591.7","591.7","591.7","591.7","591.7","591.7","591.7","591.7","591.7","591.7","591.7","591.7","591.7","656.8","656.8","656.8","656.8","656.8","656.8","656.8","656.8","656.8","656.8","656.8","656.8","656.8","656.8","656.8","656.8","656.8","656.8","656.8","656.8","656.8","656.8","802.1","802.1","802.1","802.1","802.1","802.1","802.1","802.1","802.1","802.1","802.1","802.1","802.1","802.1","802.1","802.1","974.7","974.7","974.7","974.7","974.7","974.7","974.7","974.7"
"1983:Q4","#N/A","#N/A","#N/A","#N/A","#N/A","#N/A","#N/A","#N/A","#N/A","#N/A","#N/A","#N/A","#N/A","#N/A","#N/A","#N/A","#N/A","#N/A","#N/A","#N/A","#N/A","#N/A","#N/A","#N/A","#N/A","#N/A","#N/A","#N/A","#N/A","#N/A","#N/A","#N/A","#N/A","#N/A","#N/A","#N/A","#N/A","#N/A","#N/A","#N/A","#N/A","#N/A","#N/A","#N/A","#N/A","#N/A","#N/A","#N/A","#N/A","#N/A","#N/A","#N/A","#N/A","#N/A","#N/A","#N/A","#N/A","#N/A","#N/A","#N/A","#N/A","#N/A","#N/A","#N/A","#N/A","#N/A","#N/A","#N/A","#N/A","#N/A","#N/A","#N/A","#N/A","176.3","175.9","175.8","175.8","175.8","175.8","175.8","175.8","374.3","374.3","376.2","376.2","376.2","376.2","376.2","376.2","376.2","376.2","376.2","376.2","376.2","376.2","376.2","376.2","376.2","376.2","376.2","376.2","376.2","376.2","376.2","376.2","425.9","425.9","425.9","425.9","425.9","425.9","425.9","425.9","425.9","425.9","425.9","425.9","425.9","425.9","425.9","425.9","536.0","536.0","536.0","536.0","536.0","536.0","536.0","536.0","536.0","536.0","536.0","536.0","536.0","536.0","536.0","#N/A","589.7057","591.5","591.5","591.5","591.5","591.5","591.5","591.5","591.5","591.5","591.5","591.5","591.5","591.5","591.5","591.5","656.4","656.4","656.4","656.4","656.4","656.4","656.4","656.4","656.4","656.4","656.4","656.4","656.4","656.4","656.4","656.4","656.4","656.4","656.4","656.4","656.4","656.4","801.6","801.6","801.6","801.6","801.6","801.6","801.6","801.6","801.6","801.6","801.6","801.6","801.6","801.6","801.6","801.6","975.3","975.3","975.3","975.3","975.3","975.3","975.3","975.3"
"1984:Q1","#N/A","#N/A","#N/A","#N/A","#N/A","#N/A","#N/A","#N/A","#N/A","#N/A","#N/A","#N/A","#N/A","#N/A","#N/A","#N/A","#N/A","#N/A","#N/A","#N/A","#N/A","#N/A","#N/A","#N/A","#N/A","#N/A","#N/A","#N/A","#N/A","#N/A","#N/A","#N/A","#N/A","#N/A","#N/A","#N/A","#N/A","#N/A","#N/A","#N/A","#N/A","#N/A","#N/A","#N/A","#N/A","#N/A","#N/A","#N/A","#N/A","#N/A","#N/A","#N/A","#N/A","#N/A","#N/A","#N/A","#N/A","#N/A","#N/A","#N/A","#N/A","#N/A","#N/A","#N/A","#N/A","#N/A","#N/A","#N/A","#N/A","#N/A","#N/A","#N/A","#N/A","#N/A","177.3","177.3","177.3","177.3","177.3","177.3","177.3","378.6","378.6","379.0","379.0","379.0","379.0","381.6","381.6","381.6","381.6","381.6","381.6","381.6","381.6","381.6","381.6","381.6","381.6","381.6","381.6","381.6","381.6","381.6","381.6","430.4","430.4","430.4","430.4","430.4","430.4","430.4","430.4","430.4","430.4","430.4","430.4","430.4","430.4","430.4","430.4","543.8","543.8","543.8","543.8","543.8","543.8","543.8","543.8","543.8","543.8","543.8","543.8","543.8","543.8","543.8","#N/A","597.8973","599.6","599.6","599.6","599.6","599.6","599.6","599.6","599.6","599.6","599.6","599.6","599.6","599.6","599.6","599.6","663.8","663.8","663.8","663.8","663.8","663.8","663.8","663.8","663.8","663.8","663.8","663.8","663.8","663.8","663.8","663.8","663.8","663.8","663.8","663.8","663.8","663.8","810.7","810.7","810.7","810.7","810.7","810.7","810.7","810.7","810.7","810.7","810.7","810.7","810.7","810.7","810.7","810.7","987.5","987.5","987.5","987.5","987.5","987.5","987.5","987.5"
"1984:Q2","#N/A","#N/A","#N/A","#N/A","#N/A","#N/A","#N/A","#N/A","#N/A","#N/A","#N/A","#N/A","#N/A","#N/A","#N/A","#N/A","#N/A","#N/A","#N/A","#N/A","#N/A","#N/A","#N/A","#N/A","#N/A","#N/A","#N/A","#N/A","#N/A","#N/A","#N/A","#N/A","#N/A","#N/A","#N/A","#N/A","#N/A","#N/A","#N/A","#N/A","#N/A","#N/A","#N/A","#N/A","#N/A","#N/A","#N/A","#N/A","#N/A","#N/A","#N/A","#N/A","#N/A","#N/A","#N/A","#N/A","#N/A","#N/A","#N/A","#N/A","#N/A","#N/A","#N/A","#N/A","#N/A","#N/A","#N/A","#N/A","#N/A","#N/A","#N/A","#N/A","#N/A","#N/A","#N/A","178.7","178.9","178.9","178.9","178.9","178.9","382.4","382.4","381.8","381.8","381.8","381.8","384.7","384.7","384.7","384.7","384.7","384.7","384.7","384.7","384.7","384.7","384.7","384.7","384.7","384.7","384.7","384.7","384.7","384.7","433.7","433.7","433.7","433.7","433.7","433.7","433.7","433.7","433.7","433.7","433.7","433.7","433.7","433.7","433.7","433.7","550.9","550.9","550.9","550.9","550.9","550.9","550.9","550.9","550.9","550.9","550.9","550.9","550.9","550.9","550.9","#N/A","605.6437","607.4","607.4","607.4","607.4","607.4","607.4","607.4","607.4","607.4","607.4","607.4","607.4","607.4","607.4","607.4","672.3","672.3","672.3","672.3","672.3","672.3","672.3","672.3","672.3","672.3","672.3","672.3","672.3","672.3","672.3","672.3","672.3","672.3","672.3","672.3","672.3","672.3","821.2","821.2","821.2","821.2","821.2","821.2","821.2","821.2","821.2","821.2","821.2","821.2","821.2","821.2","821.2","821.2","1000.6","1000.6","1000.6","1000.6","1000.6","1000.6","1000.6","1000.6"
"1984:Q3","#N/A","#N/A","#N/A","#N/A","#N/A","#N/A","#N/A","#N/A","#N/A","#N/A","#N/A","#N/A","#N/A","#N/A","#N/A","#N/A","#N/A","#N/A","#N/A","#N/A","#N/A","#N/A","#N/A","#N/A","#N/A","#N/A","#N/A","#N/A","#N/A","#N/A","#N/A","#N/A","#N/A","#N/A","#N/A","#N/A","#N/A","#N/A","#N/A","#N/A","#N/A","#N/A","#N/A","#N/A","#N/A","#N/A","#N/A","#N/A","#N/A","#N/A","#N/A","#N/A","#N/A","#N/A","#N/A","#N/A","#N/A","#N/A","#N/A","#N/A","#N/A","#N/A","#N/A","#N/A","#N/A","#N/A","#N/A","#N/A","#N/A","#N/A","#N/A","#N/A","#N/A","#N/A","#N/A","#N/A","181.1","181.1","181.1","181.1","181.1","385.7","385.7","385.4","385.4","385.4","385.4","388.9","388.9","388.9","388.9","388.9","388.9","388.9","388.9","388.9","388.9","388.9","388.9","388.9","388.9","388.9","388.9","388.9","388.9","437.3","437.3","437.3","437.3","437.3","437.3","437.3","437.3","437.3","437.3","437.3","437.3","437.3","437.3","437.3","437.3","559.9","559.9","559.9","559.9","559.9","559.9","559.9","559.9","559.9","559.9","559.9","559.9","559.9","559.9","559.9","#N/A","615.616","617.3","617.3","617.3","617.3","617.3","617.3","617.3","617.3","617.3","617.3","617.3","617.3","617.3","617.3","617.3","684.0","684.0","684.0","684.0","684.0","684.0","684.0","684.0","684.0","684.0","684.0","684.0","684.0","684.0","684.0","684.0","684.0","684.0","684.0","684.0","684.0","684.0","835.5","835.5","835.5","835.5","835.5","835.5","835.5","835.5","835.5","835.5","835.5","835.5","835.5","835.5","835.5","835.5","1017.6","1017.6","1017.6","1017.6","1017.6","1017.6","1017.6","1017.6"
"1984:Q4","#N/A","#N/A","#N/A","#N/A","#N/A","#N/A","#N/A","#N/A","#N/A","#N/A","#N/A","#N/A","#N/A","#N/A","#N/A","#N/A","#N/A","#N/A","#N/A","#N/A","#N/A","#N/A","#N/A","#N/A","#N/A","#N/A","#N/A","#N/A","#N/A","#N/A","#N/A","#N/A","#N/A","#N/A","#N/A","#N/A","#N/A","#N/A","#N/A","#N/A","#N/A","#N/A","#N/A","#N/A","#N/A","#N/A","#N/A","#N/A","#N/A","#N/A","#N/A","#N/A","#N/A","#N/A","#N/A","#N/A","#N/A","#N/A","#N/A","#N/A","#N/A","#N/A","#N/A","#N/A","#N/A","#N/A","#N/A","#N/A","#N/A","#N/A","#N/A","#N/A","#N/A","#N/A","#N/A","#N/A","#N/A","181.9","180.9","180.9","180.9","386.6","386.6","387.7","387.7","387.7","387.7","392.7","392.7","392.7","392.7","392.7","392.7","392.7","392.7","392.7","392.7","392.7","392.7","392.7","392.7","392.7","392.7","392.7","392.7","442.6","442.6","442.6","442.6","442.6","442.6","442.6","442.6","442.6","442.6","442.6","442.6","442.6","442.6","442.6","442.6","565.6","565.6","565.6","565.6","565.6","565.6","565.6","565.6","565.6","565.6","565.6","565.6","565.6","565.6","565.6","#N/A","621.7597","623.5","623.5","623.5","623.5","623.5","623.5","623.5","623.5","623.5","623.5","623.5","623.5","623.5","623.5","623.5","691.7","691.7","691.7","691.7","691.7","691.7","691.7","691.7","691.7","691.7","691.7","691.7","691.7","691.7","691.7","691.7","691.7","691.7","691.7","691.7","691.7","691.7","844.8","844.8","844.8","844.8","844.8","844.8","844.8","844.8","844.9","844.9","844.9","844.9","844.9","844.9","844.9","844.9","1027.9","1027.9","1027.9","1027.9","1027.9","1027.9","1027.9","1027.9"
"1985:Q1","#N/A","#N/A","#N/A","#N/A","#N/A","#N/A","#N/A","#N/A","#N/A","#N/A","#N/A","#N/A","#N/A","#N/A","#N/A","#N/A","#N/A","#N/A","#N/A","#N/A","#N/A","#N/A","#N/A","#N/A","#N/A","#N/A","#N/A","#N/A","#N/A","#N/A","#N/A","#N/A","#N/A","#N/A","#N/A","#N/A","#N/A","#N/A","#N/A","#N/A","#N/A","#N/A","#N/A","#N/A","#N/A","#N/A","#N/A","#N/A","#N/A","#N/A","#N/A","#N/A","#N/A","#N/A","#N/A","#N/A","#N/A","#N/A","#N/A","#N/A","#N/A","#N/A","#N/A","#N/A","#N/A","#N/A","#N/A","#N/A","#N/A","#N/A","#N/A","#N/A","#N/A","#N/A","#N/A","#N/A","#N/A","#N/A","181.3","180.9","180.9","387.1","387.1","389.5","389.5","389.5","389.5","395.0","395.0","395.0","395.0","396.4","396.4","396.4","396.4","396.4","396.4","396.4","396.4","396.4","396.4","396.4","396.4","396.4","396.4","448.1","448.1","448.1","448.1","448.1","448.1","448.1","448.1","448.1","448.1","448.1","448.1","448.1","448.1","448.1","448.1","571.1","571.1","571.1","571.1","571.1","571.1","571.1","571.1","571.1","571.1","571.1","571.1","571.1","571.1","571.1","#N/A","628.0815","629.8","629.8","629.8","629.8","629.8","629.8","629.8","629.8","629.8","629.8","629.8","629.8","629.8","629.8","629.8","700.1","700.1","700.1","700.1","700.1","700.1","700.1","700.1","700.1","700.1","700.1","700.1","700.1","700.1","700.1","700.1","700.1","700.1","700.1","700.1","700.1","700.1","855.1","855.1","855.1","855.1","855.1","855.1","855.1","855.1","855.2","855.2","855.2","855.2","855.2","855.2","855.2","855.2","1040.9","1040.9","1040.9","1040.9","1040.9","1040.9","1040.9","1040.9"
"1985:Q2","#N/A","#N/A","#N/A","#N/A","#N/A","#N/A","#N/A","#N/A","#N/A","#N/A","#N/A","#N/A","#N/A","#N/A","#N/A","#N/A","#N/A","#N/A","#N/A","#N/A","#N/A","#N/A","#N/A","#N/A","#N/A","#N/A","#N/A","#N/A","#N/A","#N/A","#N/A","#N/A","#N/A","#N/A","#N/A","#N/A","#N/A","#N/A","#N/A","#N/A","#N/A","#N/A","#N/A","#N/A","#N/A","#N/A","#N/A","#N/A","#N/A","#N/A","#N/A","#N/A","#N/A","#N/A","#N/A","#N/A","#N/A","#N/A","#N/A","#N/A","#N/A","#N/A","#N/A","#N/A","#N/A","#N/A","#N/A","#N/A","#N/A","#N/A","#N/A","#N/A","#N/A","#N/A","#N/A","#N/A","#N/A","#N/A","#N/A","183.1","183.9","393.6","393.6","396.9","396.9","396.9","396.9","401.4","401.4","401.4","401.4","403.4","403.4","403.4","403.4","403.4","403.4","403.4","403.4","403.4","403.4","403.4","403.4","403.4","403.4","455.8","455.8","455.8","455.8","455.8","455.8","455.8","455.8","455.8","455.8","455.8","455.8","455.8","455.8","455.8","455.8","581.5","581.5","581.5","581.5","581.5","581.5","581.5","581.5","581.5","581.5","581.5","581.5","581.5","581.5","581.5","#N/A","639.4785","641.2","641.2","641.2","641.2","641.2","641.2","641.2","641.2","641.2","641.2","641.2","641.2","641.2","641.2","641.2","714.6","714.6","714.6","714.6","714.6","714.6","714.6","714.6","714.6","714.6","714.6","714.6","714.6","714.6","714.6","714.6","714.6","714.6","714.6","714.6","714.6","714.6","872.7","872.7","872.7","872.7","872.7","872.7","872.7","872.7","872.8","872.8","872.8","872.8","872.8","872.8","872.8","872.8","1059.6","1059.6","1059.6","1059.6","1059.6","1059.6","1059.6","1059.6"
"1985:Q3","#N/A","#N/A","#N/A","#N/A","#N/A","#N/A","#N/A","#N/A","#N/A","#N/A","#N/A","#N/A","#N/A","#N/A","#N/A","#N/A","#N/A","#N/A","#N/A","#N/A","#N/A","#N/A","#N/A","#N/A","#N/A","#N/A","#N/A","#N/A","#N/A","#N/A","#N/A","#N/A","#N/A","#N/A","#N/A","#N/A","#N/A","#N/A","#N/A","#N/A","#N/A","#N/A","#N/A","#N/A","#N/A","#N/A","#N/A","#N/A","#N/A","#N/A","#N/A","#N/A","#N/A","#N/A","#N/A","#N/A","#N/A","#N/A","#N/A","#N/A","#N/A","#N/A","#N/A","#N/A","#N/A","#N/A","#N/A","#N/A","#N/A","#N/A","#N/A","#N/A","#N/A","#N/A","#N/A","#N/A","#N/A","#N/A","#N/A","#N/A","186.1","398.1","398.1","401.9","401.9","401.9","401.9","406.1","406.1","406.1","406.1","408.9","408.9","408.9","408.9","408.9","408.9","408.9","408.9","408.9","408.9","408.9","408.9","408.9","408.9","462.2","462.2","462.2","462.2","462.2","462.2","462.2","462.2","462.2","462.2","462.2","462.2","462.2","462.2","462.2","462.2","590.5","590.5","590.5","590.5","590.5","590.5","590.5","590.5","590.5","590.5","590.5","590.5","590.5","590.5","590.5","#N/A","649.9851","651.7","651.7","651.7","651.7","651.7","651.7","651.7","651.7","651.7","651.7","651.7","651.7","651.7","651.7","651.7","728.4","728.4","728.4","728.4","728.4","728.4","728.4","728.4","728.4","728.4","728.4","728.4","728.4","728.4","728.4","728.4","728.4","728.4","728.4","728.4","728.4","728.4","889.6","889.6","889.6","889.6","889.6","889.6","889.6","889.6","889.7","889.7","889.7","889.7","889.7","889.7","889.7","889.7","1076.4","1076.4","1076.4","1076.4","1076.4","1076.4","1076.4","1076.4"
"1985:Q4","#N/A","#N/A","#N/A","#N/A","#N/A","#N/A","#N/A","#N/A","#N/A","#N/A","#N/A","#N/A","#N/A","#N/A","#N/A","#N/A","#N/A","#N/A","#N/A","#N/A","#N/A","#N/A","#N/A","#N/A","#N/A","#N/A","#N/A","#N/A","#N/A","#N/A","#N/A","#N/A","#N/A","#N/A","#N/A","#N/A","#N/A","#N/A","#N/A","#N/A","#N/A","#N/A","#N/A","#N/A","#N/A","#N/A","#N/A","#N/A","#N/A","#N/A","#N/A","#N/A","#N/A","#N/A","#N/A","#N/A","#N/A","#N/A","#N/A","#N/A","#N/A","#N/A","#N/A","#N/A","#N/A","#N/A","#N/A","#N/A","#N/A","#N/A","#N/A","#N/A","#N/A","#N/A","#N/A","#N/A","#N/A","#N/A","#N/A","#N/A","#N/A","398.0","396.5","402.2","402.2","402.2","402.2","408.4","408.4","408.4","408.4","412.1","412.1","412.1","412.1","412.1","412.1","412.1","412.1","412.1","412.1","412.1","412.1","412.1","412.1","466.7","466.7","466.7","466.7","466.7","466.7","466.7","466.7","466.7","466.7","466.7","466.7","466.7","466.7","466.7","466.7","595.6","595.6","595.6","595.6","595.6","595.6","595.6","595.6","595.6","595.6","595.6","595.6","595.6","595.6","595.6","#N/A","655.6836","657.4","657.4","657.4","657.4","657.4","657.4","657.4","657.4","657.4","657.4","657.4","657.4","657.4","657.4","657.4","736.9","736.9","736.9","736.9","736.9","736.9","736.9","736.9","736.9","736.9","736.9","736.9","736.9","736.9","736.9","736.9","736.9","736.9","736.9","736.9","736.9","736.9","899.9","899.9","899.9","899.9","899.9","899.9","899.9","899.9","900.0","900.0","900.0","900.0","900.0","900.0","900.0","900.0","1084.6","1084.6","1084.6","1084.6","1084.6","1084.6","1084.6","1084.6"
"1986:Q1","#N/A","#N/A","#N/A","#N/A","#N/A","#N/A","#N/A","#N/A","#N/A","#N/A","#N/A","#N/A","#N/A","#N/A","#N/A","#N/A","#N/A","#N/A","#N/A","#N/A","#N/A","#N/A","#N/A","#N/A","#N/A","#N/A","#N/A","#N/A","#N/A","#N/A","#N/A","#N/A","#N/A","#N/A","#N/A","#N/A","#N/A","#N/A","#N/A","#N/A","#N/A","#N/A","#N/A","#N/A","#N/A","#N/A","#N/A","#N/A","#N/A","#N/A","#N/A","#N/A","#N/A","#N/A","#N/A","#N/A","#N/A","#N/A","#N/A","#N/A","#N/A","#N/A","#N/A","#N/A","#N/A","#N/A","#N/A","#N/A","#N/A","#N/A","#N/A","#N/A","#N/A","#N/A","#N/A","#N/A","#N/A","#N/A","#N/A","#N/A","#N/A","#N/A","398.9","404.8","404.8","404.8","404.8","415.5","415.5","415.5","415.5","419.1","419.1","419.1","419.1","419.6","419.6","419.6","419.6","419.6","419.6","419.6","419.6","419.6","419.6","475.4","475.4","475.4","475.4","475.4","475.4","475.4","475.4","475.4","475.4","475.4","475.4","475.4","475.4","475.4","475.4","608.7","608.7","608.7","608.7","608.7","608.7","608.7","608.7","608.7","608.7","608.7","608.7","608.7","608.7","608.7","#N/A","668.5943","670.3","670.3","670.3","670.3","670.3","670.3","670.3","670.3","670.3","670.3","670.3","670.3","670.3","670.3","670.3","755.2","755.2","755.2","755.2","755.2","755.2","755.2","755.2","755.2","755.2","755.2","755.2","755.2","755.2","755.2","755.2","755.2","755.2","755.2","755.2","755.2","755.2","922.4","922.4","922.4","922.4","922.4","922.4","922.4","922.4","922.4","922.4","922.4","922.4","922.4","922.4","922.4","922.4","1104.6","1104.6","1104.6","1104.6","1104.6","1104.6","1104.6","1104.6"
"1986:Q2","#N/A","#N/A","#N/A","#N/A","#N/A","#N/A","#N/A","#N/A","#N/A","#N/A","#N/A","#N/A","#N/A","#N/A","#N/A","#N/A","#N/A","#N/A","#N/A","#N/A","#N/A","#N/A","#N/A","#N/A","#N/A","#N/A","#N/A","#N/A","#N/A","#N/A","#N/A","#N/A","#N/A","#N/A","#N/A","#N/A","#N/A","#N/A","#N/A","#N/A","#N/A","#N/A","#N/A","#N/A","#N/A","#N/A","#N/A","#N/A","#N/A","#N/A","#N/A","#N/A","#N/A","#N/A","#N/A","#N/A","#N/A","#N/A","#N/A","#N/A","#N/A","#N/A","#N/A","#N/A","#N/A","#N/A","#N/A","#N/A","#N/A","#N/A","#N/A","#N/A","#N/A","#N/A","#N/A","#N/A","#N/A","#N/A","#N/A","#N/A","#N/A","#N/A","#N/A","412.4","413.3","413.3","413.3","421.0","421.0","421.0","421.0","425.2","425.2","425.2","425.2","425.7","425.7","425.7","425.7","425.7","425.7","425.7","425.7","425.7","425.7","480.9","480.9","480.9","480.9","480.9","480.9","480.9","480.9","480.9","480.9","480.9","480.9","480.9","480.9","480.9","480.9","615.1","615.1","615.1","615.1","615.1","615.1","615.1","615.1","615.1","615.1","615.1","615.1","615.1","615.1","615.1","#N/A","675.8064","677.5","677.5","677.5","677.5","677.5","677.5","677.5","677.5","677.5","677.5","677.5","677.5","677.5","677.5","677.5","764.5","764.5","764.5","764.5","764.5","764.5","764.5","764.5","764.5","764.5","764.5","764.5","764.5","764.5","764.5","764.5","764.5","764.5","764.5","764.5","764.5","764.5","933.7","933.7","933.7","933.7","933.7","933.7","933.7","933.7","933.7","933.7","933.7","933.7","933.7","933.7","933.7","933.7","1115.4","1115.4","1115.4","1115.4","1115.4","1115.4","1115.4","1115.4"
"1986:Q3","#N/A","#N/A","#N/A","#N/A","#N/A","#N/A","#N/A","#N/A","#N/A","#N/A","#N/A","#N/A","#N/A","#N/A","#N/A","#N/A","#N/A","#N/A","#N/A","#N/A","#N/A","#N/A","#N/A","#N/A","#N/A","#N/A","#N/A","#N/A","#N/A","#N/A","#N/A","#N/A","#N/A","#N/A","#N/A","#N/A","#N/A","#N/A","#N/A","#N/A","#N/A","#N/A","#N/A","#N/A","#N/A","#N/A","#N/A","#N/A","#N/A","#N/A","#N/A","#N/A","#N/A","#N/A","#N/A","#N/A","#N/A","#N/A","#N/A","#N/A","#N/A","#N/A","#N/A","#N/A","#N/A","#N/A","#N/A","#N/A","#N/A","#N/A","#N/A","#N/A","#N/A","#N/A","#N/A","#N/A","#N/A","#N/A","#N/A","#N/A","#N/A","#N/A","#N/A","#N/A","419.5","419.5","419.5","424.6","424.6","424.6","424.6","430.2","430.2","430.2","430.2","430.9","430.9","430.9","430.9","430.9","430.9","430.9","430.9","430.9","430.9","486.0","486.0","486.0","486.0","486.0","486.0","486.0","486.0","486.0","486.0","486.0","486.0","486.0","486.0","486.0","486.0","620.8","620.8","620.8","620.8","620.8","620.8","620.8","620.8","620.8","620.8","620.8","620.8","620.8","620.8","620.8","#N/A","682.3953","684.0","684.0","684.0","684.0","684.0","684.0","684.0","684.0","684.0","684.0","684.0","684.0","684.0","684.0","684.0","771.9","771.9","771.9","771.9","771.9","771.9","771.9","771.9","771.9","771.9","771.9","771.9","771.9","771.9","771.9","771.9","771.9","771.9","771.9","771.9","771.9","771.9","942.7","942.7","942.7","942.7","942.7","942.7","942.7","942.7","942.7","942.7","942.7","942.7","942.7","942.7","942.7","942.7","1125.7","1125.7","1125.7","1125.7","1125.7","1125.7","1125.7","1125.7"
"1986:Q4","#N/A","#N/A","#N/A","#N/A","#N/A","#N/A","#N/A","#N/A","#N/A","#N/A","#N/A","#N/A","#N/A","#N/A","#N/A","#N/A","#N/A","#N/A","#N/A","#N/A","#N/A","#N/A","#N/A","#N/A","#N/A","#N/A","#N/A","#N/A","#N/A","#N/A","#N/A","#N/A","#N/A","#N/A","#N/A","#N/A","#N/A","#N/A","#N/A","#N/A","#N/A","#N/A","#N/A","#N/A","#N/A","#N/A","#N/A","#N/A","#N/A","#N/A","#N/A","#N/A","#N/A","#N/A","#N/A","#N/A","#N/A","#N/A","#N/A","#N/A","#N/A","#N/A","#N/A","#N/A","#N/A","#N/A","#N/A","#N/A","#N/A","#N/A","#N/A","#N/A","#N/A","#N/A","#N/A","#N/A","#N/A","#N/A","#N/A","#N/A","#N/A","#N/A","#N/A","#N/A","#N/A","420.6","420.7","427.1","427.1","427.1","427.1","434.0","434.0","434.0","434.0","433.6","433.6","433.6","433.6","433.6","433.6","433.6","433.6","433.6","433.6","487.3","487.3","487.3","487.3","487.3","487.3","487.3","487.3","487.3","487.3","487.3","487.3","487.3","487.3","487.3","487.3","623.2","623.2","623.2","623.2","623.2","623.2","623.2","623.2","623.2","623.2","623.2","623.2","623.2","623.2","623.2","#N/A","685.4226","687.0","687.0","687.0","687.0","687.0","687.0","687.0","687.0","687.0","687.0","687.0","687.0","687.0","687.0","687.0","774.1","774.1","774.1","774.1","774.1","774.1","774.1","774.1","774.1","774.1","774.1","774.1","774.1","774.1","774.1","774.1","774.1","774.1","774.1","774.1","774.1","774.1","945.3","945.3","945.3","945.3","945.3","945.3","945.3","945.3","945.3","945.3","945.3","945.3","945.3","945.3","945.3","945.3","1129.5","1129.5","1129.5","1129.5","1129.5","1129.5","1129.5","1129.5"
"1987:Q1","#N/A","#N/A","#N/A","#N/A","#N/A","#N/A","#N/A","#N/A","#N/A","#N/A","#N/A","#N/A","#N/A","#N/A","#N/A","#N/A","#N/A","#N/A","#N/A","#N/A","#N/A","#N/A","#N/A","#N/A","#N/A","#N/A","#N/A","#N/A","#N/A","#N/A","#N/A","#N/A","#N/A","#N/A","#N/A","#N/A","#N/A","#N/A","#N/A","#N/A","#N/A","#N/A","#N/A","#N/A","#N/A","#N/A","#N/A","#N/A","#N/A","#N/A","#N/A","#N/A","#N/A","#N/A","#N/A","#N/A","#N/A","#N/A","#N/A","#N/A","#N/A","#N/A","#N/A","#N/A","#N/A","#N/A","#N/A","#N/A","#N/A","#N/A","#N/A","#N/A","#N/A","#N/A","#N/A","#N/A","#N/A","#N/A","#N/A","#N/A","#N/A","#N/A","#N/A","#N/A","#N/A","#N/A","424.6","432.3","432.3","432.3","432.3","438.9","438.9","438.9","438.9","438.5","438.5","438.5","438.5","437.2","437.2","437.2","437.2","437.2","437.2","492.3","492.3","492.3","492.3","492.3","492.3","492.3","492.3","492.3","492.3","492.3","492.3","492.3","492.3","492.3","492.3","626.8","626.8","626.8","626.8","626.8","626.8","626.8","626.8","626.8","626.8","626.8","626.8","626.8","626.8","626.8","#N/A","689.3404","690.7","690.7","690.7","690.7","690.7","690.7","690.7","690.7","690.7","690.7","690.7","690.7","690.7","690.7","690.7","773.9","773.9","773.9","773.9","773.9","773.9","773.9","773.9","773.9","773.9","773.9","773.9","773.9","773.9","773.9","773.9","773.9","773.9","773.9","773.9","773.9","773.9","947.7","947.7","947.7","947.7","947.7","947.7","947.7","947.7","947.7","947.7","947.7","947.7","947.7","947.7","947.7","947.7","1135.4","1135.4","1135.4","1135.4","1135.4","1135.4","1135.4","1135.4"
"1987:Q2","#N/A","#N/A","#N/A","#N/A","#N/A","#N/A","#N/A","#N/A","#N/A","#N/A","#N/A","#N/A","#N/A","#N/A","#N/A","#N/A","#N/A","#N/A","#N/A","#N/A","#N/A","#N/A","#N/A","#N/A","#N/A","#N/A","#N/A","#N/A","#N/A","#N/A","#N/A","#N/A","#N/A","#N/A","#N/A","#N/A","#N/A","#N/A","#N/A","#N/A","#N/A","#N/A","#N/A","#N/A","#N/A","#N/A","#N/A","#N/A","#N/A","#N/A","#N/A","#N/A","#N/A","#N/A","#N/A","#N/A","#N/A","#N/A","#N/A","#N/A","#N/A","#N/A","#N/A","#N/A","#N/A","#N/A","#N/A","#N/A","#N/A","#N/A","#N/A","#N/A","#N/A","#N/A","#N/A","#N/A","#N/A","#N/A","#N/A","#N/A","#N/A","#N/A","#N/A","#N/A","#N/A","#N/A","#N/A","435.9","434.1","434.1","434.1","440.1","440.1","440.1","440.1","440.1","440.1","440.1","440.1","437.3","437.3","437.3","437.3","437.3","437.3","494.6","494.6","494.6","494.6","494.6","494.6","494.6","494.6","494.6","494.6","494.6","494.6","494.6","494.6","494.6","494.6","628.8","628.8","628.8","628.8","628.8","628.8","628.8","628.8","628.8","628.8","628.8","628.8","628.8","628.8","628.8","#N/A","691.4773","692.8","692.8","692.8","692.8","692.8","692.8","692.8","692.8","692.8","692.8","692.8","692.8","692.8","692.8","692.8","774.5","774.5","774.5","774.5","774.5","774.5","774.5","774.5","774.5","774.5","774.5","774.5","774.5","774.5","774.5","774.5","774.5","774.5","774.5","774.5","774.5","774.5","947.7","947.7","947.7","947.7","947.7","947.7","947.7","947.7","947.6","947.6","947.6","947.6","947.6","947.6","947.6","947.6","1138.1","1138.1","1138.1","1138.1","1138.1","1138.1","1138.1","1138.1"
"1987:Q3","#N/A","#N/A","#N/A","#N/A","#N/A","#N/A","#N/A","#N/A","#N/A","#N/A","#N/A","#N/A","#N/A","#N/A","#N/A","#N/A","#N/A","#N/A","#N/A","#N/A","#N/A","#N/A","#N/A","#N/A","#N/A","#N/A","#N/A","#N/A","#N/A","#N/A","#N/A","#N/A","#N/A","#N/A","#N/A","#N/A","#N/A","#N/A","#N/A","#N/A","#N/A","#N/A","#N/A","#N/A","#N/A","#N/A","#N/A","#N/A","#N/A","#N/A","#N/A","#N/A","#N/A","#N/A","#N/A","#N/A","#N/A","#N/A","#N/A","#N/A","#N/A","#N/A","#N/A","#N/A","#N/A","#N/A","#N/A","#N/A","#N/A","#N/A","#N/A","#N/A","#N/A","#N/A","#N/A","#N/A","#N/A","#N/A","#N/A","#N/A","#N/A","#N/A","#N/A","#N/A","#N/A","#N/A","#N/A","#N/A","437.3","435.4","435.4","440.8","440.8","440.8","440.8","442.8","442.8","442.8","442.8","439.8","439.8","439.8","439.8","439.8","439.8","498.1","498.1","498.1","498.1","498.1","498.1","498.1","498.1","498.1","498.1","498.1","498.1","498.1","498.1","498.1","498.1","632.0","632.0","632.0","632.0","632.0","632.0","632.0","632.0","632.0","632.0","632.0","632.0","632.0","632.0","632.0","#N/A","693.9704","695.1","695.1","695.1","695.1","695.1","695.1","695.1","695.1","695.1","695.1","695.1","695.1","695.1","695.1","695.1","776.1","776.1","776.1","776.1","776.1","776.1","776.1","776.1","776.1","776.1","776.1","776.1","776.1","776.1","776.1","776.1","776.1","776.1","776.1","776.1","776.1","776.1","946.9","946.9","946.9","946.9","946.9","946.9","946.9","946.9","946.8","946.8","946.8","946.8","946.8","946.8","946.8","946.8","1141.9","1141.9","1141.9","1141.9","1141.9","1141.9","1141.9","1141.9"
"1987:Q4","#N/A","#N/A","#N/A","#N/A","#N/A","#N/A","#N/A","#N/A","#N/A","#N/A","#N/A","#N/A","#N/A","#N/A","#N/A","#N/A","#N/A","#N/A","#N/A","#N/A","#N/A","#N/A","#N/A","#N/A","#N/A","#N/A","#N/A","#N/A","#N/A","#N/A","#N/A","#N/A","#N/A","#N/A","#N/A","#N/A","#N/A","#N/A","#N/A","#N/A","#N/A","#N/A","#N/A","#N/A","#N/A","#N/A","#N/A","#N/A","#N/A","#N/A","#N/A","#N/A","#N/A","#N/A","#N/A","#N/A","#N/A","#N/A","#N/A","#N/A","#N/A","#N/A","#N/A","#N/A","#N/A","#N/A","#N/A","#N/A","#N/A","#N/A","#N/A","#N/A","#N/A","#N/A","#N/A","#N/A","#N/A","#N/A","#N/A","#N/A","#N/A","#N/A","#N/A","#N/A","#N/A","#N/A","#N/A","#N/A","#N/A","440.5","441.3","444.9","444.9","444.9","444.9","447.2","447.2","447.2","447.2","443.6","443.6","443.6","443.6","443.6","443.6","501.4","501.4","501.4","501.4","501.4","501.4","501.4","501.4","501.4","501.4","501.4","501.4","501.4","501.4","501.4","501.4","639.6","639.6","639.6","639.6","639.6","639.6","639.6","639.6","639.6","639.6","639.6","639.6","639.6","639.6","639.6","#N/A","702.8743","704.0","704.0","704.0","704.0","704.0","704.0","704.0","704.0","704.0","704.0","704.0","704.0","704.0","704.0","704.0","785.9","785.9","785.9","785.9","785.9","785.9","785.9","785.9","785.9","785.9","785.9","785.9","785.9","785.9","785.9","785.9","785.9","785.9","785.9","785.9","785.9","785.9","956.1","956.1","956.1","956.1","956.1","956.1","956.1","956.1","956.1","956.1","956.1","956.1","956.1","956.1","956.1","956.1","1157.3","1157.3","1157.3","1157.3","1157.3","1157.3","1157.3","1157.3"
"1988:Q1","#N/A","#N/A","#N/A","#N/A","#N/A","#N/A","#N/A","#N/A","#N/A","#N/A","#N/A","#N/A","#N/A","#N/A","#N/A","#N/A","#N/A","#N/A","#N/A","#N/A","#N/A","#N/A","#N/A","#N/A","#N/A","#N/A","#N/A","#N/A","#N/A","#N/A","#N/A","#N/A","#N/A","#N/A","#N/A","#N/A","#N/A","#N/A","#N/A","#N/A","#N/A","#N/A","#N/A","#N/A","#N/A","#N/A","#N/A","#N/A","#N/A","#N/A","#N/A","#N/A","#N/A","#N/A","#N/A","#N/A","#N/A","#N/A","#N/A","#N/A","#N/A","#N/A","#N/A","#N/A","#N/A","#N/A","#N/A","#N/A","#N/A","#N/A","#N/A","#N/A","#N/A","#N/A","#N/A","#N/A","#N/A","#N/A","#N/A","#N/A","#N/A","#N/A","#N/A","#N/A","#N/A","#N/A","#N/A","#N/A","#N/A","#N/A","442.9","448.7","448.7","448.7","448.7","451.3","451.3","451.3","451.3","447.9","447.9","447.9","447.9","447.9","447.9","503.9","503.9","503.9","503.9","503.9","503.9","503.9","503.9","503.9","503.9","503.9","503.9","503.9","503.9","503.9","503.9","645.1","645.1","645.1","645.1","645.1","645.1","645.1","645.1","645.1","645.1","645.1","645.1","645.1","645.1","645.1","#N/A","710.2645","711.3","711.3","711.3","711.3","711.3","711.3","711.3","711.3","711.3","711.3","711.3","711.3","711.3","711.3","711.3","795.5","795.5","795.5","795.5","795.5","795.5","795.5","795.5","795.5","795.5","795.5","795.5","795.5","795.5","795.5","795.5","795.5","795.5","795.5","795.5","795.5","795.5","969.7","969.7","969.7","969.7","969.7","969.7","969.7","969.7","969.7","969.7","969.7","969.7","969.7","969.7","969.7","969.7","1169.8","1169.8","1169.8","1169.8","1169.8","1169.8","1169.8","1169.8"
"1988:Q2","#N/A","#N/A","#N/A","#N/A","#N/A","#N/A","#N/A","#N/A","#N/A","#N/A","#N/A","#N/A","#N/A","#N/A","#N/A","#N/A","#N/A","#N/A","#N/A","#N/A","#N/A","#N/A","#N/A","#N/A","#N/A","#N/A","#N/A","#N/A","#N/A","#N/A","#N/A","#N/A","#N/A","#N/A","#N/A","#N/A","#N/A","#N/A","#N/A","#N/A","#N/A","#N/A","#N/A","#N/A","#N/A","#N/A","#N/A","#N/A","#N/A","#N/A","#N/A","#N/A","#N/A","#N/A","#N/A","#N/A","#N/A","#N/A","#N/A","#N/A","#N/A","#N/A","#N/A","#N/A","#N/A","#N/A","#N/A","#N/A","#N/A","#N/A","#N/A","#N/A","#N/A","#N/A","#N/A","#N/A","#N/A","#N/A","#N/A","#N/A","#N/A","#N/A","#N/A","#N/A","#N/A","#N/A","#N/A","#N/A","#N/A","#N/A","#N/A","451.9","452.2","452.2","452.2","455.1","455.1","455.1","455.1","451.4","451.4","451.4","451.4","451.4","451.4","508.3","508.3","508.3","508.3","508.3","508.3","508.3","508.3","508.3","508.3","508.3","508.3","508.3","508.3","508.3","508.3","655.0","655.0","655.0","655.0","655.0","655.0","655.0","655.0","655.0","655.0","655.0","655.0","655.0","655.0","655.0","#N/A","718.9013","720.0","720.0","720.0","720.0","720.0","720.0","720.0","720.0","720.0","720.0","720.0","720.0","720.0","720.0","720.0","805.4","805.4","805.4","805.4","805.4","805.4","805.4","805.4","805.4","805.4","805.4","805.4","805.4","805.4","805.4","805.4","805.4","805.4","805.4","805.4","805.4","805.4","982.4","982.4","982.4","982.4","982.4","982.4","982.4","982.4","982.4","982.4","982.4","982.4","982.4","982.4","982.4","982.4","1184.5","1184.5","1184.5","1184.5","1184.5","1184.5","1184.5","1184.5"
"1988:Q3","#N/A","#N/A","#N/A","#N/A","#N/A","#N/A","#N/A","#N/A","#N/A","#N/A","#N/A","#N/A","#N/A","#N/A","#N/A","#N/A","#N/A","#N/A","#N/A","#N/A","#N/A","#N/A","#N/A","#N/A","#N/A","#N/A","#N/A","#N/A","#N/A","#N/A","#N/A","#N/A","#N/A","#N/A","#N/A","#N/A","#N/A","#N/A","#N/A","#N/A","#N/A","#N/A","#N/A","#N/A","#N/A","#N/A","#N/A","#N/A","#N/A","#N/A","#N/A","#N/A","#N/A","#N/A","#N/A","#N/A","#N/A","#N/A","#N/A","#N/A","#N/A","#N/A","#N/A","#N/A","#N/A","#N/A","#N/A","#N/A","#N/A","#N/A","#N/A","#N/A","#N/A","#N/A","#N/A","#N/A","#N/A","#N/A","#N/A","#N/A","#N/A","#N/A","#N/A","#N/A","#N/A","#N/A","#N/A","#N/A","#N/A","#N/A","#N/A","#N/A","455.0","453.4","453.4","456.1","456.1","456.1","456.1","452.7","452.7","452.7","452.7","452.7","452.7","510.0","510.0","510.0","510.0","510.0","510.0","510.0","510.0","510.0","510.0","510.0","510.0","510.0","510.0","510.0","510.0","658.4","658.4","658.4","658.4","658.4","658.4","658.4","658.4","658.4","658.4","658.4","658.4","658.4","658.4","658.4","#N/A","721.7506","722.8","722.8","722.8","722.8","722.8","722.8","722.8","722.8","722.8","722.8","722.8","722.8","722.8","722.8","722.8","808.3","808.3","808.3","808.3","808.3","808.3","808.3","808.3","808.3","808.3","808.3","808.3","808.3","808.3","808.3","808.3","808.3","808.3","808.3","808.3","808.3","808.3","987.2","987.2","987.2","987.2","987.2","987.2","987.2","987.2","987.3","987.3","987.3","987.3","987.3","987.3","987.3","987.3","1190.0","1190.0","1190.0","1190.0","1190.0","1190.0","1190.0","1190.0"
"1988:Q4","#N/A","#N/A","#N/A","#N/A","#N/A","#N/A","#N/A","#N/A","#N/A","#N/A","#N/A","#N/A","#N/A","#N/A","#N/A","#N/A","#N/A","#N/A","#N/A","#N/A","#N/A","#N/A","#N/A","#N/A","#N/A","#N/A","#N/A","#N/A","#N/A","#N/A","#N/A","#N/A","#N/A","#N/A","#N/A","#N/A","#N/A","#N/A","#N/A","#N/A","#N/A","#N/A","#N/A","#N/A","#N/A","#N/A","#N/A","#N/A","#N/A","#N/A","#N/A","#N/A","#N/A","#N/A","#N/A","#N/A","#N/A","#N/A","#N/A","#N/A","#N/A","#N/A","#N/A","#N/A","#N/A","#N/A","#N/A","#N/A","#N/A","#N/A","#N/A","#N/A","#N/A","#N/A","#N/A","#N/A","#N/A","#N/A","#N/A","#N/A","#N/A","#N/A","#N/A","#N/A","#N/A","#N/A","#N/A","#N/A","#N/A","#N/A","#N/A","#N/A","#N/A","458.0","460.0","462.5","462.5","462.5","462.5","457.5","457.5","457.5","457.5","457.5","457.5","516.1","516.1","516.1","516.1","516.1","516.1","516.1","516.1","516.1","516.1","516.1","516.1","516.1","516.1","516.1","516.1","667.8","667.8","667.8","667.8","667.8","667.8","667.8","667.8","667.8","667.8","667.8","667.8","667.8","667.8","667.8","#N/A","730.3874","731.5","731.5","731.5","731.5","731.5","731.5","731.5","731.5","731.5","731.5","731.5","731.5","731.5","731.5","731.5","817.3","817.3","817.3","817.3","817.3","817.3","817.3","817.3","817.3","817.3","817.3","817.3","817.3","817.3","817.3","817.3","817.3","817.3","817.3","817.3","817.3","817.3","999.8","999.8","999.8","999.8","999.8","999.8","999.8","999.8","999.8","999.8","999.8","999.8","999.8","999.8","999.8","999.8","1204.5","1204.5","1204.5","1204.5","1204.5","1204.5","1204.5","1204.5"
"1989:Q1","#N/A","#N/A","#N/A","#N/A","#N/A","#N/A","#N/A","#N/A","#N/A","#N/A","#N/A","#N/A","#N/A","#N/A","#N/A","#N/A","#N/A","#N/A","#N/A","#N/A","#N/A","#N/A","#N/A","#N/A","#N/A","#N/A","#N/A","#N/A","#N/A","#N/A","#N/A","#N/A","#N/A","#N/A","#N/A","#N/A","#N/A","#N/A","#N/A","#N/A","#N/A","#N/A","#N/A","#N/A","#N/A","#N/A","#N/A","#N/A","#N/A","#N/A","#N/A","#N/A","#N/A","#N/A","#N/A","#N/A","#N/A","#N/A","#N/A","#N/A","#N/A","#N/A","#N/A","#N/A","#N/A","#N/A","#N/A","#N/A","#N/A","#N/A","#N/A","#N/A","#N/A","#N/A","#N/A","#N/A","#N/A","#N/A","#N/A","#N/A","#N/A","#N/A","#N/A","#N/A","#N/A","#N/A","#N/A","#N/A","#N/A","#N/A","#N/A","#N/A","#N/A","#N/A","464.5","464.2","464.2","464.2","464.2","459.0","459.0","459.0","459.0","459.0","459.0","517.8","517.8","520.7","520.7","520.7","520.7","520.7","520.7","520.7","520.7","520.7","520.7","520.7","520.7","520.7","520.7","672.3","672.3","672.3","672.3","672.3","672.3","672.3","672.3","672.3","672.3","672.3","672.3","672.3","672.3","672.3","#N/A","735.9078","737.1","737.1","737.1","737.1","737.1","737.1","737.1","737.1","737.1","737.1","737.1","737.1","737.1","737.1","737.1","821.4","821.4","821.4","821.4","821.4","821.4","821.4","821.4","821.4","821.4","821.4","821.4","821.4","821.4","821.4","821.4","821.4","821.4","821.4","821.4","821.4","821.4","1005.0","1005.0","1005.0","1005.0","1005.0","1005.0","1005.0","1005.0","1005.0","1005.0","1005.0","1005.0","1005.0","1005.0","1005.0","1005.0","1214.1","1214.1","1214.1","1214.1","1214.1","1214.1","1214.1","1214.1"
"1989:Q2","#N/A","#N/A","#N/A","#N/A","#N/A","#N/A","#N/A","#N/A","#N/A","#N/A","#N/A","#N/A","#N/A","#N/A","#N/A","#N/A","#N/A","#N/A","#N/A","#N/A","#N/A","#N/A","#N/A","#N/A","#N/A","#N/A","#N/A","#N/A","#N/A","#N/A","#N/A","#N/A","#N/A","#N/A","#N/A","#N/A","#N/A","#N/A","#N/A","#N/A","#N/A","#N/A","#N/A","#N/A","#N/A","#N/A","#N/A","#N/A","#N/A","#N/A","#N/A","#N/A","#N/A","#N/A","#N/A","#N/A","#N/A","#N/A","#N/A","#N/A","#N/A","#N/A","#N/A","#N/A","#N/A","#N/A","#N/A","#N/A","#N/A","#N/A","#N/A","#N/A","#N/A","#N/A","#N/A","#N/A","#N/A","#N/A","#N/A","#N/A","#N/A","#N/A","#N/A","#N/A","#N/A","#N/A","#N/A","#N/A","#N/A","#N/A","#N/A","#N/A","#N/A","#N/A","#N/A","466.3","466.7","466.7","466.7","461.1","461.1","461.1","461.1","461.1","461.1","522.1","522.1","525.4","525.4","525.4","525.4","525.4","525.4","525.4","525.4","525.4","525.4","525.4","525.4","525.4","525.4","679.4","679.4","679.4","679.4","679.4","679.4","679.4","679.4","679.4","679.4","679.4","679.4","679.4","679.4","679.4","#N/A","744.0103","745.3","745.3","745.3","745.3","745.3","745.3","745.3","745.3","745.3","745.3","745.3","745.3","745.3","745.3","745.3","829.6","829.6","829.6","829.6","829.6","829.6","829.6","829.6","829.6","829.6","829.6","829.6","829.6","829.6","829.6","829.6","829.6","829.6","829.6","829.6","829.6","829.6","1015.1","1015.1","1015.1","1015.1","1015.1","1015.1","1015.1","1015.1","1015.1","1015.1","1015.1","1015.1","1015.1","1015.1","1015.1","1015.1","1227.5","1227.5","1227.5","1227.5","1227.5","1227.5","1227.5","1227.5"
"1989:Q3","#N/A","#N/A","#N/A","#N/A","#N/A","#N/A","#N/A","#N/A","#N/A","#N/A","#N/A","#N/A","#N/A","#N/A","#N/A","#N/A","#N/A","#N/A","#N/A","#N/A","#N/A","#N/A","#N/A","#N/A","#N/A","#N/A","#N/A","#N/A","#N/A","#N/A","#N/A","#N/A","#N/A","#N/A","#N/A","#N/A","#N/A","#N/A","#N/A","#N/A","#N/A","#N/A","#N/A","#N/A","#N/A","#N/A","#N/A","#N/A","#N/A","#N/A","#N/A","#N/A","#N/A","#N/A","#N/A","#N/A","#N/A","#N/A","#N/A","#N/A","#N/A","#N/A","#N/A","#N/A","#N/A","#N/A","#N/A","#N/A","#N/A","#N/A","#N/A","#N/A","#N/A","#N/A","#N/A","#N/A","#N/A","#N/A","#N/A","#N/A","#N/A","#N/A","#N/A","#N/A","#N/A","#N/A","#N/A","#N/A","#N/A","#N/A","#N/A","#N/A","#N/A","#N/A","#N/A","#N/A","469.9","469.2","469.2","463.2","463.2","463.2","463.2","463.2","463.2","526.4","526.4","530.7","530.7","530.7","530.7","530.7","530.7","530.7","530.7","530.7","530.7","530.7","530.7","530.7","530.7","685.1","685.1","685.1","685.1","685.1","685.1","685.1","685.1","685.1","685.1","685.1","685.1","685.1","685.1","685.1","#N/A","751.3115","752.7","752.7","752.7","752.7","752.7","752.7","752.7","752.7","752.7","752.7","752.7","752.7","752.7","752.7","752.7","837.2","837.2","837.2","837.2","837.2","837.2","837.2","837.2","837.2","837.2","837.2","837.2","837.2","837.2","837.2","837.2","837.2","837.2","837.2","837.2","837.2","837.2","1024.5","1024.5","1024.5","1024.5","1024.5","1024.5","1024.5","1024.5","1024.5","1024.5","1024.5","1024.5","1024.5","1024.5","1024.5","1024.5","1239.3","1239.3","1239.3","1239.3","1239.3","1239.3","1239.3","1239.3"
"1989:Q4","#N/A","#N/A","#N/A","#N/A","#N/A","#N/A","#N/A","#N/A","#N/A","#N/A","#N/A","#N/A","#N/A","#N/A","#N/A","#N/A","#N/A","#N/A","#N/A","#N/A","#N/A","#N/A","#N/A","#N/A","#N/A","#N/A","#N/A","#N/A","#N/A","#N/A","#N/A","#N/A","#N/A","#N/A","#N/A","#N/A","#N/A","#N/A","#N/A","#N/A","#N/A","#N/A","#N/A","#N/A","#N/A","#N/A","#N/A","#N/A","#N/A","#N/A","#N/A","#N/A","#N/A","#N/A","#N/A","#N/A","#N/A","#N/A","#N/A","#N/A","#N/A","#N/A","#N/A","#N/A","#N/A","#N/A","#N/A","#N/A","#N/A","#N/A","#N/A","#N/A","#N/A","#N/A","#N/A","#N/A","#N/A","#N/A","#N/A","#N/A","#N/A","#N/A","#N/A","#N/A","#N/A","#N/A","#N/A","#N/A","#N/A","#N/A","#N/A","#N/A","#N/A","#N/A","#N/A","#N/A","#N/A","474.2","477.0","469.5","469.5","469.5","469.5","469.5","469.5","534.9","534.9","536.5","536.5","536.5","536.5","536.5","536.5","536.5","536.5","536.5","536.5","536.5","536.5","536.5","536.5","693.7","693.7","693.7","693.7","693.7","693.7","693.7","693.7","693.7","693.7","693.7","693.7","693.7","693.7","693.7","#N/A","761.373","762.9","762.9","762.9","762.9","762.9","762.9","762.9","762.9","762.9","762.9","762.9","762.9","762.9","762.9","762.9","848.4","848.4","848.4","848.4","848.4","848.4","848.4","848.4","848.4","848.4","848.4","848.4","848.4","848.4","848.4","848.4","848.4","848.4","848.4","848.4","848.4","848.4","1038.2","1038.2","1038.2","1038.2","1038.2","1038.2","1038.2","1038.2","1038.2","1038.2","1038.2","1038.2","1038.2","1038.2","1038.2","1038.2","1256.0","1256.0","1256.0","1256.0","1256.0","1256.0","1256.0","1256.0"
"1990:Q1","#N/A","#N/A","#N/A","#N/A","#N/A","#N/A","#N/A","#N/A","#N/A","#N/A","#N/A","#N/A","#N/A","#N/A","#N/A","#N/A","#N/A","#N/A","#N/A","#N/A","#N/A","#N/A","#N/A","#N/A","#N/A","#N/A","#N/A","#N/A","#N/A","#N/A","#N/A","#N/A","#N/A","#N/A","#N/A","#N/A","#N/A","#N/A","#N/A","#N/A","#N/A","#N/A","#N/A","#N/A","#N/A","#N/A","#N/A","#N/A","#N/A","#N/A","#N/A","#N/A","#N/A","#N/A","#N/A","#N/A","#N/A","#N/A","#N/A","#N/A","#N/A","#N/A","#N/A","#N/A","#N/A","#N/A","#N/A","#N/A","#N/A","#N/A","#N/A","#N/A","#N/A","#N/A","#N/A","#N/A","#N/A","#N/A","#N/A","#N/A","#N/A","#N/A","#N/A","#N/A","#N/A","#N/A","#N/A","#N/A","#N/A","#N/A","#N/A","#N/A","#N/A","#N/A","#N/A","#N/A","#N/A","#N/A","480.9","475.0","475.0","475.0","475.0","475.0","475.0","543.7","543.7","543.4","543.4","543.4","543.4","543.4","542.8","542.8","542.8","542.8","542.8","542.8","542.8","542.8","542.8","703.8","703.8","703.8","703.8","703.8","703.8","703.8","703.8","703.8","703.8","703.8","703.8","703.8","703.8","703.8","#N/A","772.5028","774.1","774.1","774.1","774.1","774.1","774.1","774.1","774.1","774.1","774.1","774.1","774.1","774.1","774.1","774.1","861.9","861.9","861.9","861.9","861.9","861.9","861.9","861.9","861.9","861.9","861.9","861.9","861.9","861.9","861.9","861.9","861.9","861.9","861.9","861.9","861.9","861.9","1054.6","1054.6","1054.6","1054.6","1054.6","1054.6","1054.6","1054.6","1054.6","1054.6","1054.6","1054.6","1054.6","1054.6","1054.6","1054.6","1275.2","1275.2","1275.2","1275.2","1275.2","1275.2","1275.2","1275.2"
"1990:Q2","#N/A","#N/A","#N/A","#N/A","#N/A","#N/A","#N/A","#N/A","#N/A","#N/A","#N/A","#N/A","#N/A","#N/A","#N/A","#N/A","#N/A","#N/A","#N/A","#N/A","#N/A","#N/A","#N/A","#N/A","#N/A","#N/A","#N/A","#N/A","#N/A","#N/A","#N/A","#N/A","#N/A","#N/A","#N/A","#N/A","#N/A","#N/A","#N/A","#N/A","#N/A","#N/A","#N/A","#N/A","#N/A","#N/A","#N/A","#N/A","#N/A","#N/A","#N/A","#N/A","#N/A","#N/A","#N/A","#N/A","#N/A","#N/A","#N/A","#N/A","#N/A","#N/A","#N/A","#N/A","#N/A","#N/A","#N/A","#N/A","#N/A","#N/A","#N/A","#N/A","#N/A","#N/A","#N/A","#N/A","#N/A","#N/A","#N/A","#N/A","#N/A","#N/A","#N/A","#N/A","#N/A","#N/A","#N/A","#N/A","#N/A","#N/A","#N/A","#N/A","#N/A","#N/A","#N/A","#N/A","#N/A","#N/A","#N/A","475.2","474.3","474.3","474.3","474.3","474.3","544.8","544.8","544.0","544.0","544.0","544.0","544.0","545.9","545.9","545.9","545.9","545.9","545.9","545.9","545.9","545.9","705.4","705.4","705.4","705.4","705.4","705.4","705.4","705.4","705.4","705.4","705.4","705.4","705.4","705.4","705.4","#N/A","775.174","776.7","776.7","776.7","776.7","776.7","776.7","776.7","776.7","776.7","776.7","776.7","776.7","776.7","776.7","776.7","863.6","863.6","863.6","863.6","863.6","863.6","863.6","863.6","863.6","863.6","863.6","863.6","863.6","863.6","863.6","863.6","863.6","863.6","863.6","863.6","863.6","863.6","1056.4","1056.4","1056.4","1056.4","1056.4","1056.4","1056.4","1056.4","1056.4","1056.4","1056.4","1056.4","1056.4","1056.4","1056.4","1056.4","1277.7","1277.7","1277.7","1277.7","1277.7","1277.7","1277.7","1277.7"
"1990:Q3","#N/A","#N/A","#N/A","#N/A","#N/A","#N/A","#N/A","#N/A","#N/A","#N/A","#N/A","#N/A","#N/A","#N/A","#N/A","#N/A","#N/A","#N/A","#N/A","#N/A","#N/A","#N/A","#N/A","#N/A","#N/A","#N/A","#N/A","#N/A","#N/A","#N/A","#N/A","#N/A","#N/A","#N/A","#N/A","#N/A","#N/A","#N/A","#N/A","#N/A","#N/A","#N/A","#N/A","#N/A","#N/A","#N/A","#N/A","#N/A","#N/A","#N/A","#N/A","#N/A","#N/A","#N/A","#N/A","#N/A","#N/A","#N/A","#N/A","#N/A","#N/A","#N/A","#N/A","#N/A","#N/A","#N/A","#N/A","#N/A","#N/A","#N/A","#N/A","#N/A","#N/A","#N/A","#N/A","#N/A","#N/A","#N/A","#N/A","#N/A","#N/A","#N/A","#N/A","#N/A","#N/A","#N/A","#N/A","#N/A","#N/A","#N/A","#N/A","#N/A","#N/A","#N/A","#N/A","#N/A","#N/A","#N/A","#N/A","#N/A","477.2","476.7","476.7","476.7","476.7","549.1","549.1","546.5","546.5","546.5","546.5","546.5","549.6","549.6","549.6","549.6","549.6","549.6","549.6","549.6","549.6","708.7","708.7","708.7","708.7","708.7","708.7","708.7","708.7","708.7","708.7","708.7","708.7","708.7","708.7","708.7","#N/A","780.7835","782.2","782.2","782.2","782.2","782.2","782.2","782.2","782.2","782.2","782.2","782.2","782.2","782.2","782.2","782.2","869.4","869.4","869.4","869.4","869.4","869.4","869.4","869.4","869.4","869.4","869.4","869.4","869.4","869.4","869.4","869.4","869.4","869.4","869.4","869.4","869.4","869.4","1063.0","1063.0","1063.0","1063.0","1063.0","1063.0","1063.0","1063.0","1063.0","1063.0","1063.0","1063.0","1063.0","1063.0","1063.0","1063.0","1286.4","1286.4","1286.4","1286.4","1286.4","1286.4","1286.4","1286.4"
"1990:Q4","#N/A","#N/A","#N/A","#N/A","#N/A","#N/A","#N/A","#N/A","#N/A","#N/A","#N/A","#N/A","#N/A","#N/A","#N/A","#N/A","#N/A","#N/A","#N/A","#N/A","#N/A","#N/A","#N/A","#N/A","#N/A","#N/A","#N/A","#N/A","#N/A","#N/A","#N/A","#N/A","#N/A","#N/A","#N/A","#N/A","#N/A","#N/A","#N/A","#N/A","#N/A","#N/A","#N/A","#N/A","#N/A","#N/A","#N/A","#N/A","#N/A","#N/A","#N/A","#N/A","#N/A","#N/A","#N/A","#N/A","#N/A","#N/A","#N/A","#N/A","#N/A","#N/A","#N/A","#N/A","#N/A","#N/A","#N/A","#N/A","#N/A","#N/A","#N/A","#N/A","#N/A","#N/A","#N/A","#N/A","#N/A","#N/A","#N/A","#N/A","#N/A","#N/A","#N/A","#N/A","#N/A","#N/A","#N/A","#N/A","#N/A","#N/A","#N/A","#N/A","#N/A","#N/A","#N/A","#N/A","#N/A","#N/A","#N/A","#N/A","#N/A","481.4","482.4","482.4","482.4","555.3","555.3","551.2","551.2","551.2","551.2","551.2","555.8","555.8","555.8","555.8","555.8","555.8","555.8","555.8","555.8","716.5","716.5","716.5","716.5","716.5","716.5","716.5","716.5","716.5","716.5","716.5","716.5","716.5","716.5","716.5","#N/A","790.0435","791.3","791.3","791.3","791.3","791.3","791.3","791.3","791.3","791.3","791.3","791.3","791.3","791.3","791.3","791.3","878.9","878.9","878.9","878.9","878.9","878.9","878.9","878.9","878.9","878.9","878.9","878.9","878.9","878.9","878.9","878.9","878.9","878.9","878.9","878.9","878.9","878.9","1074.5","1074.5","1074.5","1074.5","1074.5","1074.5","1074.5","1074.5","1074.5","1074.5","1074.5","1074.5","1074.5","1074.5","1074.5","1074.5","1301.2","1301.2","1301.2","1301.2","1301.2","1301.2","1301.2","1301.2"
"1991:Q1","#N/A","#N/A","#N/A","#N/A","#N/A","#N/A","#N/A","#N/A","#N/A","#N/A","#N/A","#N/A","#N/A","#N/A","#N/A","#N/A","#N/A","#N/A","#N/A","#N/A","#N/A","#N/A","#N/A","#N/A","#N/A","#N/A","#N/A","#N/A","#N/A","#N/A","#N/A","#N/A","#N/A","#N/A","#N/A","#N/A","#N/A","#N/A","#N/A","#N/A","#N/A","#N/A","#N/A","#N/A","#N/A","#N/A","#N/A","#N/A","#N/A","#N/A","#N/A","#N/A","#N/A","#N/A","#N/A","#N/A","#N/A","#N/A","#N/A","#N/A","#N/A","#N/A","#N/A","#N/A","#N/A","#N/A","#N/A","#N/A","#N/A","#N/A","#N/A","#N/A","#N/A","#N/A","#N/A","#N/A","#N/A","#N/A","#N/A","#N/A","#N/A","#N/A","#N/A","#N/A","#N/A","#N/A","#N/A","#N/A","#N/A","#N/A","#N/A","#N/A","#N/A","#N/A","#N/A","#N/A","#N/A","#N/A","#N/A","#N/A","#N/A","#N/A","480.7","480.1","480.1","552.7","552.7","551.0","551.0","551.0","551.0","551.0","555.1","555.1","555.1","554.3","554.3","554.3","554.3","554.3","554.3","715.5","715.5","715.5","715.5","715.5","715.5","715.5","715.5","715.5","715.5","715.5","715.5","715.5","715.5","715.5","#N/A","791.6462","792.6","792.6","792.6","792.6","792.6","792.6","792.6","792.6","792.6","792.6","792.6","792.6","792.6","792.6","792.6","880.0","880.0","880.0","880.0","880.0","880.0","880.0","880.0","880.0","880.0","880.0","880.0","880.0","880.0","880.0","880.0","880.0","880.0","880.0","880.0","880.0","880.0","1075.9","1075.9","1075.9","1075.9","1075.9","1075.9","1075.9","1075.9","1075.9","1075.9","1075.9","1075.9","1075.9","1075.9","1075.9","1075.9","1303.2","1303.2","1303.2","1303.2","1303.2","1303.2","1303.2","1303.2"
"1991:Q2","#N/A","#N/A","#N/A","#N/A","#N/A","#N/A","#N/A","#N/A","#N/A","#N/A","#N/A","#N/A","#N/A","#N/A","#N/A","#N/A","#N/A","#N/A","#N/A","#N/A","#N/A","#N/A","#N/A","#N/A","#N/A","#N/A","#N/A","#N/A","#N/A","#N/A","#N/A","#N/A","#N/A","#N/A","#N/A","#N/A","#N/A","#N/A","#N/A","#N/A","#N/A","#N/A","#N/A","#N/A","#N/A","#N/A","#N/A","#N/A","#N/A","#N/A","#N/A","#N/A","#N/A","#N/A","#N/A","#N/A","#N/A","#N/A","#N/A","#N/A","#N/A","#N/A","#N/A","#N/A","#N/A","#N/A","#N/A","#N/A","#N/A","#N/A","#N/A","#N/A","#N/A","#N/A","#N/A","#N/A","#N/A","#N/A","#N/A","#N/A","#N/A","#N/A","#N/A","#N/A","#N/A","#N/A","#N/A","#N/A","#N/A","#N/A","#N/A","#N/A","#N/A","#N/A","#N/A","#N/A","#N/A","#N/A","#N/A","#N/A","#N/A","#N/A","#N/A","480.1","479.1","551.7","551.7","551.8","551.8","551.8","551.8","551.8","558.7","558.7","558.7","556.5","556.5","556.5","556.5","556.5","556.5","716.8","716.8","716.8","716.8","716.8","716.8","716.8","716.8","716.8","716.8","716.8","716.8","716.8","716.8","716.8","#N/A","795.3859","796.0","796.0","796.0","796.0","796.0","796.0","796.0","796.0","796.0","796.0","796.0","796.0","796.0","796.0","796.0","883.5","883.5","883.5","883.5","883.5","883.5","883.5","883.5","883.5","883.5","883.5","883.5","883.5","883.5","883.5","883.5","883.5","883.5","883.5","883.5","883.5","883.5","1080.2","1080.2","1080.2","1080.2","1080.2","1080.2","1080.2","1080.2","1080.1","1080.1","1080.1","1080.1","1080.1","1080.1","1080.1","1080.1","1308.6","1308.6","1308.6","1308.6","1308.6","1308.6","1308.6","1308.6"
"1991:Q3","#N/A","#N/A","#N/A","#N/A","#N/A","#N/A","#N/A","#N/A","#N/A","#N/A","#N/A","#N/A","#N/A","#N/A","#N/A","#N/A","#N/A","#N/A","#N/A","#N/A","#N/A","#N/A","#N/A","#N/A","#N/A","#N/A","#N/A","#N/A","#N/A","#N/A","#N/A","#N/A","#N/A","#N/A","#N/A","#N/A","#N/A","#N/A","#N/A","#N/A","#N/A","#N/A","#N/A","#N/A","#N/A","#N/A","#N/A","#N/A","#N/A","#N/A","#N/A","#N/A","#N/A","#N/A","#N/A","#N/A","#N/A","#N/A","#N/A","#N/A","#N/A","#N/A","#N/A","#N/A","#N/A","#N/A","#N/A","#N/A","#N/A","#N/A","#N/A","#N/A","#N/A","#N/A","#N/A","#N/A","#N/A","#N/A","#N/A","#N/A","#N/A","#N/A","#N/A","#N/A","#N/A","#N/A","#N/A","#N/A","#N/A","#N/A","#N/A","#N/A","#N/A","#N/A","#N/A","#N/A","#N/A","#N/A","#N/A","#N/A","#N/A","#N/A","#N/A","#N/A","478.7","551.6","551.6","553.0","553.0","553.0","553.0","553.0","561.0","561.0","561.0","557.7","557.7","557.7","557.7","557.7","557.7","718.8","718.8","718.8","718.8","718.8","718.8","718.8","718.8","718.8","718.8","718.8","718.8","718.8","718.8","718.8","#N/A","800.3721","800.6","800.6","800.6","800.6","800.6","800.6","800.6","800.6","800.6","800.6","800.6","800.6","800.6","800.6","800.6","888.6","888.6","888.6","888.6","888.6","888.6","888.6","888.6","888.6","888.6","888.6","888.6","888.6","888.6","888.6","888.6","888.6","888.6","888.6","888.6","888.6","888.6","1086.4","1086.4","1086.4","1086.4","1086.4","1086.4","1086.4","1086.4","1086.3","1086.3","1086.3","1086.3","1086.3","1086.3","1086.3","1086.3","1316.3","1316.3","1316.3","1316.3","1316.3","1316.3","1316.3","1316.3"
"1991:Q4","#N/A","#N/A","#N/A","#N/A","#N/A","#N/A","#N/A","#N/A","#N/A","#N/A","#N/A","#N/A","#N/A","#N/A","#N/A","#N/A","#N/A","#N/A","#N/A","#N/A","#N/A","#N/A","#N/A","#N/A","#N/A","#N/A","#N/A","#N/A","#N/A","#N/A","#N/A","#N/A","#N/A","#N/A","#N/A","#N/A","#N/A","#N/A","#N/A","#N/A","#N/A","#N/A","#N/A","#N/A","#N/A","#N/A","#N/A","#N/A","#N/A","#N/A","#N/A","#N/A","#N/A","#N/A","#N/A","#N/A","#N/A","#N/A","#N/A","#N/A","#N/A","#N/A","#N/A","#N/A","#N/A","#N/A","#N/A","#N/A","#N/A","#N/A","#N/A","#N/A","#N/A","#N/A","#N/A","#N/A","#N/A","#N/A","#N/A","#N/A","#N/A","#N/A","#N/A","#N/A","#N/A","#N/A","#N/A","#N/A","#N/A","#N/A","#N/A","#N/A","#N/A","#N/A","#N/A","#N/A","#N/A","#N/A","#N/A","#N/A","#N/A","#N/A","#N/A","#N/A","#N/A","551.7","552.7","554.9","554.9","554.9","554.9","554.9","564.1","564.1","564.1","560.4","560.4","560.4","560.4","560.4","560.4","723.8","723.8","723.8","723.8","723.8","723.8","723.8","723.8","723.8","723.8","723.8","723.8","723.8","723.8","723.8","#N/A","806.3377","806.3","806.3","806.3","806.3","806.3","806.3","806.3","806.3","806.3","806.3","806.3","806.3","806.3","806.3","806.3","895.2","895.2","895.2","895.2","895.2","895.2","895.2","895.2","895.2","895.2","895.2","895.2","895.2","895.2","895.2","895.2","895.2","895.2","895.2","895.2","895.2","895.2","1094.2","1094.2","1094.2","1094.2","1094.2","1094.2","1094.2","1094.2","1094.2","1094.2","1094.2","1094.2","1094.2","1094.2","1094.2","1094.2","1325.5","1325.5","1325.5","1325.5","1325.5","1325.5","1325.5","1325.5"
"1992:Q1","#N/A","#N/A","#N/A","#N/A","#N/A","#N/A","#N/A","#N/A","#N/A","#N/A","#N/A","#N/A","#N/A","#N/A","#N/A","#N/A","#N/A","#N/A","#N/A","#N/A","#N/A","#N/A","#N/A","#N/A","#N/A","#N/A","#N/A","#N/A","#N/A","#N/A","#N/A","#N/A","#N/A","#N/A","#N/A","#N/A","#N/A","#N/A","#N/A","#N/A","#N/A","#N/A","#N/A","#N/A","#N/A","#N/A","#N/A","#N/A","#N/A","#N/A","#N/A","#N/A","#N/A","#N/A","#N/A","#N/A","#N/A","#N/A","#N/A","#N/A","#N/A","#N/A","#N/A","#N/A","#N/A","#N/A","#N/A","#N/A","#N/A","#N/A","#N/A","#N/A","#N/A","#N/A","#N/A","#N/A","#N/A","#N/A","#N/A","#N/A","#N/A","#N/A","#N/A","#N/A","#N/A","#N/A","#N/A","#N/A","#N/A","#N/A","#N/A","#N/A","#N/A","#N/A","#N/A","#N/A","#N/A","#N/A","#N/A","#N/A","#N/A","#N/A","#N/A","#N/A","#N/A","#N/A","557.1","561.8","561.8","561.8","561.8","561.8","571.0","571.0","571.0","564.9","564.9","564.9","564.9","564.9","564.9","733.5","733.5","733.5","733.5","733.5","733.5","733.5","733.5","733.5","733.5","733.5","733.5","733.5","733.5","733.5","#N/A","816.6662","816.1","816.1","816.1","816.1","816.1","816.1","816.1","816.1","816.1","816.1","816.1","816.1","816.1","816.1","816.1","906.9","906.9","906.9","906.9","906.9","906.9","906.9","906.9","906.9","906.9","906.9","906.9","906.9","906.9","906.9","906.9","906.9","906.9","906.9","906.9","906.9","906.9","1108.3","1108.3","1108.3","1108.3","1108.3","1108.3","1108.3","1108.3","1108.3","1108.3","1108.3","1108.3","1108.3","1108.3","1108.3","1108.3","1342.1","1342.1","1342.1","1342.1","1342.1","1342.1","1342.1","1342.1"
"1992:Q2","#N/A","#N/A","#N/A","#N/A","#N/A","#N/A","#N/A","#N/A","#N/A","#N/A","#N/A","#N/A","#N/A","#N/A","#N/A","#N/A","#N/A","#N/A","#N/A","#N/A","#N/A","#N/A","#N/A","#N/A","#N/A","#N/A","#N/A","#N/A","#N/A","#N/A","#N/A","#N/A","#N/A","#N/A","#N/A","#N/A","#N/A","#N/A","#N/A","#N/A","#N/A","#N/A","#N/A","#N/A","#N/A","#N/A","#N/A","#N/A","#N/A","#N/A","#N/A","#N/A","#N/A","#N/A","#N/A","#N/A","#N/A","#N/A","#N/A","#N/A","#N/A","#N/A","#N/A","#N/A","#N/A","#N/A","#N/A","#N/A","#N/A","#N/A","#N/A","#N/A","#N/A","#N/A","#N/A","#N/A","#N/A","#N/A","#N/A","#N/A","#N/A","#N/A","#N/A","#N/A","#N/A","#N/A","#N/A","#N/A","#N/A","#N/A","#N/A","#N/A","#N/A","#N/A","#N/A","#N/A","#N/A","#N/A","#N/A","#N/A","#N/A","#N/A","#N/A","#N/A","#N/A","#N/A","#N/A","562.0","561.5","561.5","561.5","561.5","571.5","571.5","571.5","562.4","562.4","562.4","562.4","562.4","562.4","734.2","734.2","734.2","734.2","734.2","734.2","734.2","734.2","734.2","734.2","734.2","734.2","734.2","734.2","734.2","#N/A","815.5977","814.9","814.9","814.9","814.9","814.9","814.9","814.9","814.9","814.9","814.9","814.9","814.9","814.9","814.9","814.9","905.8","905.8","905.8","905.8","905.8","905.8","905.8","905.8","905.8","905.8","905.8","905.8","905.8","905.8","905.8","905.8","905.8","905.8","905.8","905.8","905.8","905.8","1106.9","1106.9","1106.9","1106.9","1106.9","1106.9","1106.9","1106.9","1106.8","1106.8","1106.8","1106.8","1106.8","1106.8","1106.8","1106.8","1340.1","1340.1","1340.1","1340.1","1340.1","1340.1","1340.1","1340.1"
"1992:Q3","#N/A","#N/A","#N/A","#N/A","#N/A","#N/A","#N/A","#N/A","#N/A","#N/A","#N/A","#N/A","#N/A","#N/A","#N/A","#N/A","#N/A","#N/A","#N/A","#N/A","#N/A","#N/A","#N/A","#N/A","#N/A","#N/A","#N/A","#N/A","#N/A","#N/A","#N/A","#N/A","#N/A","#N/A","#N/A","#N/A","#N/A","#N/A","#N/A","#N/A","#N/A","#N/A","#N/A","#N/A","#N/A","#N/A","#N/A","#N/A","#N/A","#N/A","#N/A","#N/A","#N/A","#N/A","#N/A","#N/A","#N/A","#N/A","#N/A","#N/A","#N/A","#N/A","#N/A","#N/A","#N/A","#N/A","#N/A","#N/A","#N/A","#N/A","#N/A","#N/A","#N/A","#N/A","#N/A","#N/A","#N/A","#N/A","#N/A","#N/A","#N/A","#N/A","#N/A","#N/A","#N/A","#N/A","#N/A","#N/A","#N/A","#N/A","#N/A","#N/A","#N/A","#N/A","#N/A","#N/A","#N/A","#N/A","#N/A","#N/A","#N/A","#N/A","#N/A","#N/A","#N/A","#N/A","#N/A","#N/A","562.1","563.5","563.5","563.5","573.2","573.2","573.2","562.5","562.5","562.5","562.5","562.5","562.5","736.9","736.9","736.9","736.9","736.9","736.9","736.9","736.9","736.9","736.9","736.9","736.9","736.9","736.9","736.9","#N/A","815.7758","815.1","815.1","815.1","815.1","815.1","815.1","815.1","815.1","815.1","815.1","815.1","815.1","815.1","815.1","815.1","906.6","906.6","906.6","906.6","906.6","906.6","906.6","906.6","906.6","906.6","906.6","906.6","906.6","906.6","906.6","906.6","906.6","906.6","906.6","906.6","906.6","906.6","1107.6","1107.6","1107.6","1107.6","1107.6","1107.6","1107.6","1107.6","1107.5","1107.5","1107.5","1107.5","1107.5","1107.5","1107.5","1107.5","1340.5","1340.5","1340.5","1340.5","1340.5","1340.5","1340.5","1340.5"
"1992:Q4","#N/A","#N/A","#N/A","#N/A","#N/A","#N/A","#N/A","#N/A","#N/A","#N/A","#N/A","#N/A","#N/A","#N/A","#N/A","#N/A","#N/A","#N/A","#N/A","#N/A","#N/A","#N/A","#N/A","#N/A","#N/A","#N/A","#N/A","#N/A","#N/A","#N/A","#N/A","#N/A","#N/A","#N/A","#N/A","#N/A","#N/A","#N/A","#N/A","#N/A","#N/A","#N/A","#N/A","#N/A","#N/A","#N/A","#N/A","#N/A","#N/A","#N/A","#N/A","#N/A","#N/A","#N/A","#N/A","#N/A","#N/A","#N/A","#N/A","#N/A","#N/A","#N/A","#N/A","#N/A","#N/A","#N/A","#N/A","#N/A","#N/A","#N/A","#N/A","#N/A","#N/A","#N/A","#N/A","#N/A","#N/A","#N/A","#N/A","#N/A","#N/A","#N/A","#N/A","#N/A","#N/A","#N/A","#N/A","#N/A","#N/A","#N/A","#N/A","#N/A","#N/A","#N/A","#N/A","#N/A","#N/A","#N/A","#N/A","#N/A","#N/A","#N/A","#N/A","#N/A","#N/A","#N/A","#N/A","#N/A","#N/A","562.6","561.9","561.9","573.2","573.2","573.2","563.6","563.6","563.6","563.6","563.6","563.6","738.5","738.5","738.5","738.5","738.5","738.5","738.5","738.5","738.5","738.5","738.5","738.5","738.5","738.5","738.5","#N/A","815.4197","814.9","814.9","814.9","814.9","814.9","814.9","814.9","814.9","814.9","814.9","814.9","814.9","814.9","814.9","814.9","906.6","906.6","906.6","906.6","906.6","906.6","906.6","906.6","906.6","906.6","906.6","906.6","906.6","906.6","906.6","906.6","906.6","906.6","906.6","906.6","906.6","906.6","1107.8","1107.8","1107.8","1107.8","1107.8","1107.8","1107.8","1107.8","1107.7","1107.7","1107.7","1107.7","1107.7","1107.7","1107.7","1107.7","1339.5","1339.5","1339.5","1339.5","1339.5","1339.5","1339.5","1339.5"
"1993:Q1","#N/A","#N/A","#N/A","#N/A","#N/A","#N/A","#N/A","#N/A","#N/A","#N/A","#N/A","#N/A","#N/A","#N/A","#N/A","#N/A","#N/A","#N/A","#N/A","#N/A","#N/A","#N/A","#N/A","#N/A","#N/A","#N/A","#N/A","#N/A","#N/A","#N/A","#N/A","#N/A","#N/A","#N/A","#N/A","#N/A","#N/A","#N/A","#N/A","#N/A","#N/A","#N/A","#N/A","#N/A","#N/A","#N/A","#N/A","#N/A","#N/A","#N/A","#N/A","#N/A","#N/A","#N/A","#N/A","#N/A","#N/A","#N/A","#N/A","#N/A","#N/A","#N/A","#N/A","#N/A","#N/A","#N/A","#N/A","#N/A","#N/A","#N/A","#N/A","#N/A","#N/A","#N/A","#N/A","#N/A","#N/A","#N/A","#N/A","#N/A","#N/A","#N/A","#N/A","#N/A","#N/A","#N/A","#N/A","#N/A","#N/A","#N/A","#N/A","#N/A","#N/A","#N/A","#N/A","#N/A","#N/A","#N/A","#N/A","#N/A","#N/A","#N/A","#N/A","#N/A","#N/A","#N/A","#N/A","#N/A","#N/A","#N/A","561.8","562.6","573.7","573.7","573.7","564.9","564.9","564.9","564.9","564.9","564.9","741.6","741.6","741.6","741.6","741.6","741.6","738.0","738.0","738.0","738.0","738.0","738.0","738.0","738.0","738.0","#N/A","816.9333","817.1","817.1","817.1","817.1","817.1","817.1","817.1","817.1","817.1","817.1","817.1","817.1","817.1","817.1","817.1","910.4","910.4","910.4","910.4","910.4","910.4","910.4","910.4","910.4","910.4","910.4","910.4","910.4","910.4","910.4","910.4","910.4","910.4","910.4","910.4","910.4","910.4","1112.3","1112.3","1112.3","1112.3","1112.3","1112.3","1112.3","1112.3","1112.2","1112.2","1112.2","1112.2","1112.2","1112.2","1112.2","1112.2","1343.7","1343.7","1343.7","1343.7","1343.7","1343.7","1343.7","1343.7"
"1993:Q2","#N/A","#N/A","#N/A","#N/A","#N/A","#N/A","#N/A","#N/A","#N/A","#N/A","#N/A","#N/A","#N/A","#N/A","#N/A","#N/A","#N/A","#N/A","#N/A","#N/A","#N/A","#N/A","#N/A","#N/A","#N/A","#N/A","#N/A","#N/A","#N/A","#N/A","#N/A","#N/A","#N/A","#N/A","#N/A","#N/A","#N/A","#N/A","#N/A","#N/A","#N/A","#N/A","#N/A","#N/A","#N/A","#N/A","#N/A","#N/A","#N/A","#N/A","#N/A","#N/A","#N/A","#N/A","#N/A","#N/A","#N/A","#N/A","#N/A","#N/A","#N/A","#N/A","#N/A","#N/A","#N/A","#N/A","#N/A","#N/A","#N/A","#N/A","#N/A","#N/A","#N/A","#N/A","#N/A","#N/A","#N/A","#N/A","#N/A","#N/A","#N/A","#N/A","#N/A","#N/A","#N/A","#N/A","#N/A","#N/A","#N/A","#N/A","#N/A","#N/A","#N/A","#N/A","#N/A","#N/A","#N/A","#N/A","#N/A","#N/A","#N/A","#N/A","#N/A","#N/A","#N/A","#N/A","#N/A","#N/A","#N/A","#N/A","#N/A","565.8","581.6","581.6","581.6","571.0","571.0","571.0","571.0","571.0","571.0","748.8","748.8","748.8","748.8","748.8","748.8","745.3","745.3","745.3","745.3","745.3","745.3","745.3","745.3","745.3","#N/A","825.6592","826.1","826.1","826.1","826.1","826.1","826.1","826.1","826.1","826.1","826.1","826.1","826.1","826.1","826.1","826.1","918.0","918.0","918.0","918.0","918.0","918.0","918.0","918.0","918.0","918.0","918.0","918.0","918.0","918.0","918.0","918.0","918.0","918.0","918.0","918.0","918.0","918.0","1121.8","1121.8","1121.8","1121.8","1121.8","1121.8","1121.8","1121.8","1121.8","1121.8","1121.8","1121.8","1121.8","1121.8","1121.8","1121.8","1354.5","1354.5","1354.5","1354.5","1354.5","1354.5","1354.5","1354.5"
"1993:Q3","#N/A","#N/A","#N/A","#N/A","#N/A","#N/A","#N/A","#N/A","#N/A","#N/A","#N/A","#N/A","#N/A","#N/A","#N/A","#N/A","#N/A","#N/A","#N/A","#N/A","#N/A","#N/A","#N/A","#N/A","#N/A","#N/A","#N/A","#N/A","#N/A","#N/A","#N/A","#N/A","#N/A","#N/A","#N/A","#N/A","#N/A","#N/A","#N/A","#N/A","#N/A","#N/A","#N/A","#N/A","#N/A","#N/A","#N/A","#N/A","#N/A","#N/A","#N/A","#N/A","#N/A","#N/A","#N/A","#N/A","#N/A","#N/A","#N/A","#N/A","#N/A","#N/A","#N/A","#N/A","#N/A","#N/A","#N/A","#N/A","#N/A","#N/A","#N/A","#N/A","#N/A","#N/A","#N/A","#N/A","#N/A","#N/A","#N/A","#N/A","#N/A","#N/A","#N/A","#N/A","#N/A","#N/A","#N/A","#N/A","#N/A","#N/A","#N/A","#N/A","#N/A","#N/A","#N/A","#N/A","#N/A","#N/A","#N/A","#N/A","#N/A","#N/A","#N/A","#N/A","#N/A","#N/A","#N/A","#N/A","#N/A","#N/A","#N/A","#N/A","584.6","588.0","588.0","576.2","576.2","576.2","576.2","576.2","576.2","755.7","755.7","755.7","755.7","755.7","755.7","749.1","749.1","749.1","749.1","749.1","749.1","749.1","749.1","749.1","#N/A","829.0426","829.7","829.7","829.7","829.7","829.7","829.7","829.7","829.7","829.7","829.7","829.7","829.7","829.7","829.7","829.7","922.7","922.7","922.7","922.7","922.7","922.7","922.7","922.7","922.7","922.7","922.7","922.7","922.7","922.7","922.7","922.7","922.7","922.7","922.7","922.7","922.7","922.7","1128.1","1128.1","1128.1","1128.1","1128.1","1128.1","1128.1","1128.1","1128.0","1128.0","1128.0","1128.0","1128.0","1128.0","1128.0","1128.0","1361.5","1361.5","1361.5","1361.5","1361.5","1361.5","1361.5","1361.5"
"1993:Q4","#N/A","#N/A","#N/A","#N/A","#N/A","#N/A","#N/A","#N/A","#N/A","#N/A","#N/A","#N/A","#N/A","#N/A","#N/A","#N/A","#N/A","#N/A","#N/A","#N/A","#N/A","#N/A","#N/A","#N/A","#N/A","#N/A","#N/A","#N/A","#N/A","#N/A","#N/A","#N/A","#N/A","#N/A","#N/A","#N/A","#N/A","#N/A","#N/A","#N/A","#N/A","#N/A","#N/A","#N/A","#N/A","#N/A","#N/A","#N/A","#N/A","#N/A","#N/A","#N/A","#N/A","#N/A","#N/A","#N/A","#N/A","#N/A","#N/A","#N/A","#N/A","#N/A","#N/A","#N/A","#N/A","#N/A","#N/A","#N/A","#N/A","#N/A","#N/A","#N/A","#N/A","#N/A","#N/A","#N/A","#N/A","#N/A","#N/A","#N/A","#N/A","#N/A","#N/A","#N/A","#N/A","#N/A","#N/A","#N/A","#N/A","#N/A","#N/A","#N/A","#N/A","#N/A","#N/A","#N/A","#N/A","#N/A","#N/A","#N/A","#N/A","#N/A","#N/A","#N/A","#N/A","#N/A","#N/A","#N/A","#N/A","#N/A","#N/A","#N/A","#N/A","590.4","592.8","580.4","580.4","580.4","580.4","580.4","580.4","761.3","761.3","761.3","761.3","761.3","761.3","753.4","753.4","753.4","753.4","753.4","753.4","753.4","753.4","753.4","#N/A","834.385","835.1","835.1","835.1","835.1","835.1","835.1","835.1","835.1","835.1","835.1","835.1","835.1","835.1","835.1","835.1","926.9","926.9","926.9","926.9","926.9","926.9","926.9","926.9","926.9","926.9","926.9","926.9","926.9","926.9","926.9","926.9","926.9","926.9","926.9","926.9","926.9","926.9","1133.4","1133.4","1133.4","1133.4","1133.4","1133.4","1133.4","1133.4","1133.3","1133.3","1133.3","1133.3","1133.3","1133.3","1133.3","1133.3","1367.9","1367.9","1367.9","1367.9","1367.9","1367.9","1367.9","1367.9"
"1994:Q1","#N/A","#N/A","#N/A","#N/A","#N/A","#N/A","#N/A","#N/A","#N/A","#N/A","#N/A","#N/A","#N/A","#N/A","#N/A","#N/A","#N/A","#N/A","#N/A","#N/A","#N/A","#N/A","#N/A","#N/A","#N/A","#N/A","#N/A","#N/A","#N/A","#N/A","#N/A","#N/A","#N/A","#N/A","#N/A","#N/A","#N/A","#N/A","#N/A","#N/A","#N/A","#N/A","#N/A","#N/A","#N/A","#N/A","#N/A","#N/A","#N/A","#N/A","#N/A","#N/A","#N/A","#N/A","#N/A","#N/A","#N/A","#N/A","#N/A","#N/A","#N/A","#N/A","#N/A","#N/A","#N/A","#N/A","#N/A","#N/A","#N/A","#N/A","#N/A","#N/A","#N/A","#N/A","#N/A","#N/A","#N/A","#N/A","#N/A","#N/A","#N/A","#N/A","#N/A","#N/A","#N/A","#N/A","#N/A","#N/A","#N/A","#N/A","#N/A","#N/A","#N/A","#N/A","#N/A","#N/A","#N/A","#N/A","#N/A","#N/A","#N/A","#N/A","#N/A","#N/A","#N/A","#N/A","#N/A","#N/A","#N/A","#N/A","#N/A","#N/A","#N/A","#N/A","588.9","578.3","578.3","578.3","578.3","578.3","578.3","762.7","762.7","762.7","762.7","762.7","762.7","754.7","754.7","754.7","754.7","754.7","754.7","754.7","754.7","754.7","836.7","836.7","837.3","837.3","837.3","837.3","837.3","837.3","837.3","837.3","837.3","837.3","837.3","837.3","837.3","837.3","837.3","929.6","929.6","929.6","929.6","929.6","929.6","929.6","929.6","929.6","929.6","929.6","929.6","929.6","929.6","929.6","929.6","929.6","929.6","929.6","929.6","929.6","929.6","1136.5","1136.5","1136.5","1136.5","1136.5","1136.5","1136.5","1136.5","1136.5","1136.5","1136.5","1136.5","1136.5","1136.5","1136.5","1136.5","1373.4","1373.4","1373.4","1373.4","1373.4","1373.4","1373.4","1373.4"
"1994:Q2","#N/A","#N/A","#N/A","#N/A","#N/A","#N/A","#N/A","#N/A","#N/A","#N/A","#N/A","#N/A","#N/A","#N/A","#N/A","#N/A","#N/A","#N/A","#N/A","#N/A","#N/A","#N/A","#N/A","#N/A","#N/A","#N/A","#N/A","#N/A","#N/A","#N/A","#N/A","#N/A","#N/A","#N/A","#N/A","#N/A","#N/A","#N/A","#N/A","#N/A","#N/A","#N/A","#N/A","#N/A","#N/A","#N/A","#N/A","#N/A","#N/A","#N/A","#N/A","#N/A","#N/A","#N/A","#N/A","#N/A","#N/A","#N/A","#N/A","#N/A","#N/A","#N/A","#N/A","#N/A","#N/A","#N/A","#N/A","#N/A","#N/A","#N/A","#N/A","#N/A","#N/A","#N/A","#N/A","#N/A","#N/A","#N/A","#N/A","#N/A","#N/A","#N/A","#N/A","#N/A","#N/A","#N/A","#N/A","#N/A","#N/A","#N/A","#N/A","#N/A","#N/A","#N/A","#N/A","#N/A","#N/A","#N/A","#N/A","#N/A","#N/A","#N/A","#N/A","#N/A","#N/A","#N/A","#N/A","#N/A","#N/A","#N/A","#N/A","#N/A","#N/A","#N/A","#N/A","581.2","582.4","582.4","582.4","582.4","582.4","766.8","766.8","766.8","766.8","766.8","766.8","762.2","762.2","762.2","762.2","762.2","762.2","762.2","762.2","762.2","844.8","844.8","845.4","845.4","845.4","845.4","845.4","845.4","845.4","845.4","845.4","845.4","845.4","845.4","845.4","845.4","845.4","939.6","939.6","939.6","939.6","939.6","939.6","939.6","939.6","939.6","939.6","939.6","939.6","939.6","939.6","939.6","939.6","939.6","939.6","939.6","939.6","939.6","939.6","1148.6","1148.6","1148.6","1148.6","1148.6","1148.6","1148.6","1148.6","1148.6","1148.6","1148.6","1148.6","1148.6","1148.6","1148.6","1148.6","1389.0","1389.0","1389.0","1389.0","1389.0","1389.0","1389.0","1389.0"
"1994:Q3","#N/A","#N/A","#N/A","#N/A","#N/A","#N/A","#N/A","#N/A","#N/A","#N/A","#N/A","#N/A","#N/A","#N/A","#N/A","#N/A","#N/A","#N/A","#N/A","#N/A","#N/A","#N/A","#N/A","#N/A","#N/A","#N/A","#N/A","#N/A","#N/A","#N/A","#N/A","#N/A","#N/A","#N/A","#N/A","#N/A","#N/A","#N/A","#N/A","#N/A","#N/A","#N/A","#N/A","#N/A","#N/A","#N/A","#N/A","#N/A","#N/A","#N/A","#N/A","#N/A","#N/A","#N/A","#N/A","#N/A","#N/A","#N/A","#N/A","#N/A","#N/A","#N/A","#N/A","#N/A","#N/A","#N/A","#N/A","#N/A","#N/A","#N/A","#N/A","#N/A","#N/A","#N/A","#N/A","#N/A","#N/A","#N/A","#N/A","#N/A","#N/A","#N/A","#N/A","#N/A","#N/A","#N/A","#N/A","#N/A","#N/A","#N/A","#N/A","#N/A","#N/A","#N/A","#N/A","#N/A","#N/A","#N/A","#N/A","#N/A","#N/A","#N/A","#N/A","#N/A","#N/A","#N/A","#N/A","#N/A","#N/A","#N/A","#N/A","#N/A","#N/A","#N/A","#N/A","#N/A","587.8","588.5","588.5","588.5","588.5","774.7","774.7","774.7","774.7","774.7","774.7","771.7","771.7","771.7","771.7","771.7","771.7","771.7","771.7","771.7","853.9","853.9","854.4","854.4","854.4","854.4","854.4","854.4","854.4","854.4","854.4","854.4","854.4","854.4","854.4","854.4","854.4","950.4","950.4","950.4","950.4","950.4","950.4","950.4","950.4","950.4","950.4","950.4","950.4","950.4","950.4","950.4","950.4","950.4","950.4","950.4","950.4","950.4","950.4","1161.4","1161.4","1161.4","1161.4","1161.4","1161.4","1161.4","1161.4","1161.4","1161.4","1161.4","1161.4","1161.4","1161.4","1161.4","1161.4","1405.2","1405.2","1405.2","1405.2","1405.2","1405.2","1405.2","1405.2"
"1994:Q4","#N/A","#N/A","#N/A","#N/A","#N/A","#N/A","#N/A","#N/A","#N/A","#N/A","#N/A","#N/A","#N/A","#N/A","#N/A","#N/A","#N/A","#N/A","#N/A","#N/A","#N/A","#N/A","#N/A","#N/A","#N/A","#N/A","#N/A","#N/A","#N/A","#N/A","#N/A","#N/A","#N/A","#N/A","#N/A","#N/A","#N/A","#N/A","#N/A","#N/A","#N/A","#N/A","#N/A","#N/A","#N/A","#N/A","#N/A","#N/A","#N/A","#N/A","#N/A","#N/A","#N/A","#N/A","#N/A","#N/A","#N/A","#N/A","#N/A","#N/A","#N/A","#N/A","#N/A","#N/A","#N/A","#N/A","#N/A","#N/A","#N/A","#N/A","#N/A","#N/A","#N/A","#N/A","#N/A","#N/A","#N/A","#N/A","#N/A","#N/A","#N/A","#N/A","#N/A","#N/A","#N/A","#N/A","#N/A","#N/A","#N/A","#N/A","#N/A","#N/A","#N/A","#N/A","#N/A","#N/A","#N/A","#N/A","#N/A","#N/A","#N/A","#N/A","#N/A","#N/A","#N/A","#N/A","#N/A","#N/A","#N/A","#N/A","#N/A","#N/A","#N/A","#N/A","#N/A","#N/A","#N/A","591.8","591.8","591.8","591.8","777.7","777.7","777.7","777.7","777.7","777.7","774.1","774.1","774.1","774.1","774.1","774.1","774.1","774.1","774.1","858.0","858.0","858.5","858.5","858.5","858.5","858.5","858.5","858.5","858.5","858.5","858.5","858.5","858.5","858.5","858.5","858.5","953.7","953.7","953.7","953.7","953.7","953.7","953.7","953.7","953.7","953.7","953.7","953.7","953.7","953.7","953.7","953.7","953.7","953.7","953.7","953.7","953.7","953.7","1165.5","1165.5","1165.5","1165.5","1165.5","1165.5","1165.5","1165.5","1165.5","1165.5","1165.5","1165.5","1165.5","1165.5","1165.5","1165.5","1410.5","1410.5","1410.5","1410.5","1410.5","1410.5","1410.5","1410.5"
"1995:Q1","#N/A","#N/A","#N/A","#N/A","#N/A","#N/A","#N/A","#N/A","#N/A","#N/A","#N/A","#N/A","#N/A","#N/A","#N/A","#N/A","#N/A","#N/A","#N/A","#N/A","#N/A","#N/A","#N/A","#N/A","#N/A","#N/A","#N/A","#N/A","#N/A","#N/A","#N/A","#N/A","#N/A","#N/A","#N/A","#N/A","#N/A","#N/A","#N/A","#N/A","#N/A","#N/A","#N/A","#N/A","#N/A","#N/A","#N/A","#N/A","#N/A","#N/A","#N/A","#N/A","#N/A","#N/A","#N/A","#N/A","#N/A","#N/A","#N/A","#N/A","#N/A","#N/A","#N/A","#N/A","#N/A","#N/A","#N/A","#N/A","#N/A","#N/A","#N/A","#N/A","#N/A","#N/A","#N/A","#N/A","#N/A","#N/A","#N/A","#N/A","#N/A","#N/A","#N/A","#N/A","#N/A","#N/A","#N/A","#N/A","#N/A","#N/A","#N/A","#N/A","#N/A","#N/A","#N/A","#N/A","#N/A","#N/A","#N/A","#N/A","#N/A","#N/A","#N/A","#N/A","#N/A","#N/A","#N/A","#N/A","#N/A","#N/A","#N/A","#N/A","#N/A","#N/A","#N/A","#N/A","#N/A","#N/A","592.1","593.3","593.3","782.2","782.2","782.2","782.2","782.2","782.2","777.3","777.3","777.3","777.3","777.6","777.6","777.6","777.6","777.6","862.8","862.8","863.3","863.3","863.3","863.3","863.3","863.3","863.3","863.3","863.3","863.3","863.3","863.3","863.3","863.3","863.3","961.2","961.2","961.2","961.2","961.2","961.2","961.2","961.2","961.2","961.2","961.2","961.2","961.2","961.2","961.2","961.2","961.2","961.2","961.2","961.2","961.2","961.2","1174.8","1174.8","1174.8","1174.8","1174.8","1174.8","1174.8","1174.8","1174.8","1174.8","1174.8","1174.8","1174.8","1174.8","1174.8","1174.8","1421.6","1421.6","1421.6","1421.6","1421.6","1421.6","1421.6","1421.6"
"1995:Q2","#N/A","#N/A","#N/A","#N/A","#N/A","#N/A","#N/A","#N/A","#N/A","#N/A","#N/A","#N/A","#N/A","#N/A","#N/A","#N/A","#N/A","#N/A","#N/A","#N/A","#N/A","#N/A","#N/A","#N/A","#N/A","#N/A","#N/A","#N/A","#N/A","#N/A","#N/A","#N/A","#N/A","#N/A","#N/A","#N/A","#N/A","#N/A","#N/A","#N/A","#N/A","#N/A","#N/A","#N/A","#N/A","#N/A","#N/A","#N/A","#N/A","#N/A","#N/A","#N/A","#N/A","#N/A","#N/A","#N/A","#N/A","#N/A","#N/A","#N/A","#N/A","#N/A","#N/A","#N/A","#N/A","#N/A","#N/A","#N/A","#N/A","#N/A","#N/A","#N/A","#N/A","#N/A","#N/A","#N/A","#N/A","#N/A","#N/A","#N/A","#N/A","#N/A","#N/A","#N/A","#N/A","#N/A","#N/A","#N/A","#N/A","#N/A","#N/A","#N/A","#N/A","#N/A","#N/A","#N/A","#N/A","#N/A","#N/A","#N/A","#N/A","#N/A","#N/A","#N/A","#N/A","#N/A","#N/A","#N/A","#N/A","#N/A","#N/A","#N/A","#N/A","#N/A","#N/A","#N/A","#N/A","#N/A","#N/A","595.4","596.2","786.3","786.3","786.3","786.3","786.3","786.3","782.3","782.3","782.3","782.3","783.7","783.7","783.7","783.7","783.7","869.3","869.3","869.7","869.7","869.7","869.7","869.7","869.7","869.7","869.7","869.7","869.7","869.7","869.7","869.7","869.7","869.7","968.7","968.7","968.7","968.7","968.7","968.7","968.7","968.7","968.7","968.7","968.7","968.7","968.7","968.7","968.7","968.7","968.7","968.7","968.7","968.7","968.7","968.7","1184.1","1184.1","1184.1","1184.1","1184.1","1184.1","1184.1","1184.1","1184.1","1184.1","1184.1","1184.1","1184.1","1184.1","1184.1","1184.1","1432.7","1432.7","1432.7","1432.7","1432.7","1432.7","1432.7","1432.7"
"1995:Q3","#N/A","#N/A","#N/A","#N/A","#N/A","#N/A","#N/A","#N/A","#N/A","#N/A","#N/A","#N/A","#N/A","#N/A","#N/A","#N/A","#N/A","#N/A","#N/A","#N/A","#N/A","#N/A","#N/A","#N/A","#N/A","#N/A","#N/A","#N/A","#N/A","#N/A","#N/A","#N/A","#N/A","#N/A","#N/A","#N/A","#N/A","#N/A","#N/A","#N/A","#N/A","#N/A","#N/A","#N/A","#N/A","#N/A","#N/A","#N/A","#N/A","#N/A","#N/A","#N/A","#N/A","#N/A","#N/A","#N/A","#N/A","#N/A","#N/A","#N/A","#N/A","#N/A","#N/A","#N/A","#N/A","#N/A","#N/A","#N/A","#N/A","#N/A","#N/A","#N/A","#N/A","#N/A","#N/A","#N/A","#N/A","#N/A","#N/A","#N/A","#N/A","#N/A","#N/A","#N/A","#N/A","#N/A","#N/A","#N/A","#N/A","#N/A","#N/A","#N/A","#N/A","#N/A","#N/A","#N/A","#N/A","#N/A","#N/A","#N/A","#N/A","#N/A","#N/A","#N/A","#N/A","#N/A","#N/A","#N/A","#N/A","#N/A","#N/A","#N/A","#N/A","#N/A","#N/A","#N/A","#N/A","#N/A","#N/A","#N/A","599.3","791.7","791.5","791.5","791.5","791.5","791.5","781.5","781.5","781.5","781.5","784.5","784.5","784.5","784.5","784.5","870.0","870.0","870.4","870.4","870.4","870.4","870.4","870.4","870.4","870.4","870.4","870.4","870.4","870.4","870.4","870.4","870.4","969.2","969.2","969.2","969.2","969.2","969.2","969.2","969.2","969.2","969.2","969.2","969.2","969.2","969.2","969.2","969.2","969.2","969.2","969.2","969.2","969.2","969.2","1184.8","1184.8","1184.8","1184.8","1184.8","1184.8","1184.8","1184.8","1184.8","1184.8","1184.8","1184.8","1184.8","1184.8","1184.8","1184.8","1434.0","1434.0","1434.0","1434.0","1434.0","1434.0","1434.0","1434.0"
"1995:Q4","#N/A","#N/A","#N/A","#N/A","#N/A","#N/A","#N/A","#N/A","#N/A","#N/A","#N/A","#N/A","#N/A","#N/A","#N/A","#N/A","#N/A","#N/A","#N/A","#N/A","#N/A","#N/A","#N/A","#N/A","#N/A","#N/A","#N/A","#N/A","#N/A","#N/A","#N/A","#N/A","#N/A","#N/A","#N/A","#N/A","#N/A","#N/A","#N/A","#N/A","#N/A","#N/A","#N/A","#N/A","#N/A","#N/A","#N/A","#N/A","#N/A","#N/A","#N/A","#N/A","#N/A","#N/A","#N/A","#N/A","#N/A","#N/A","#N/A","#N/A","#N/A","#N/A","#N/A","#N/A","#N/A","#N/A","#N/A","#N/A","#N/A","#N/A","#N/A","#N/A","#N/A","#N/A","#N/A","#N/A","#N/A","#N/A","#N/A","#N/A","#N/A","#N/A","#N/A","#N/A","#N/A","#N/A","#N/A","#N/A","#N/A","#N/A","#N/A","#N/A","#N/A","#N/A","#N/A","#N/A","#N/A","#N/A","#N/A","#N/A","#N/A","#N/A","#N/A","#N/A","#N/A","#N/A","#N/A","#N/A","#N/A","#N/A","#N/A","#N/A","#N/A","#N/A","#N/A","#N/A","#N/A","#N/A","#N/A","#N/A","#N/A","#N/A","794.4","794.4","794.4","794.4","794.4","785.1","785.1","785.1","785.1","790.0","790.0","790.0","790.0","790.0","876.1","876.1","876.4","876.4","876.4","876.4","876.4","876.4","876.4","876.4","876.4","876.4","876.4","876.4","876.4","876.4","876.4","974.1","974.1","974.1","974.1","974.1","974.1","974.1","974.1","974.1","974.1","974.1","974.1","974.1","974.1","974.1","974.1","974.1","974.1","974.1","974.1","974.1","974.1","1190.7","1190.7","1190.7","1190.7","1190.7","1190.7","1190.7","1190.7","1190.7","1190.7","1190.7","1190.7","1190.7","1190.7","1190.7","1190.7","1441.3","1441.3","1441.3","1441.3","1441.3","1441.3","1441.3","1441.3"
"1996:Q1","#N/A","#N/A","#N/A","#N/A","#N/A","#N/A","#N/A","#N/A","#N/A","#N/A","#N/A","#N/A","#N/A","#N/A","#N/A","#N/A","#N/A","#N/A","#N/A","#N/A","#N/A","#N/A","#N/A","#N/A","#N/A","#N/A","#N/A","#N/A","#N/A","#N/A","#N/A","#N/A","#N/A","#N/A","#N/A","#N/A","#N/A","#N/A","#N/A","#N/A","#N/A","#N/A","#N/A","#N/A","#N/A","#N/A","#N/A","#N/A","#N/A","#N/A","#N/A","#N/A","#N/A","#N/A","#N/A","#N/A","#N/A","#N/A","#N/A","#N/A","#N/A","#N/A","#N/A","#N/A","#N/A","#N/A","#N/A","#N/A","#N/A","#N/A","#N/A","#N/A","#N/A","#N/A","#N/A","#N/A","#N/A","#N/A","#N/A","#N/A","#N/A","#N/A","#N/A","#N/A","#N/A","#N/A","#N/A","#N/A","#N/A","#N/A","#N/A","#N/A","#N/A","#N/A","#N/A","#N/A","#N/A","#N/A","#N/A","#N/A","#N/A","#N/A","#N/A","#N/A","#N/A","#N/A","#N/A","#N/A","#N/A","#N/A","#N/A","#N/A","#N/A","#N/A","#N/A","#N/A","#N/A","#N/A","#N/A","#N/A","#N/A","#N/A","792.5","792.6","792.6","792.6","792.6","782.4","782.4","782.4","782.4","791.0","791.0","791.0","791.0","791.0","875.4","875.4","875.7","875.7","875.7","875.7","875.7","875.7","875.7","875.7","875.7","875.7","875.7","875.7","875.7","875.7","875.7","971.6","971.6","971.6","971.6","971.6","971.6","971.6","971.6","971.6","971.6","971.6","971.6","971.6","971.6","971.6","971.6","971.6","971.6","971.6","971.6","971.6","971.6","1188.2","1188.2","1188.2","1188.2","1188.2","1188.2","1188.2","1188.2","1188.2","1188.2","1188.2","1188.2","1188.2","1188.2","1188.2","1188.2","1438.6","1438.6","1438.6","1438.6","1438.6","1438.6","1438.6","1438.6"
"1996:Q2","#N/A","#N/A","#N/A","#N/A","#N/A","#N/A","#N/A","#N/A","#N/A","#N/A","#N/A","#N/A","#N/A","#N/A","#N/A","#N/A","#N/A","#N/A","#N/A","#N/A","#N/A","#N/A","#N/A","#N/A","#N/A","#N/A","#N/A","#N/A","#N/A","#N/A","#N/A","#N/A","#N/A","#N/A","#N/A","#N/A","#N/A","#N/A","#N/A","#N/A","#N/A","#N/A","#N/A","#N/A","#N/A","#N/A","#N/A","#N/A","#N/A","#N/A","#N/A","#N/A","#N/A","#N/A","#N/A","#N/A","#N/A","#N/A","#N/A","#N/A","#N/A","#N/A","#N/A","#N/A","#N/A","#N/A","#N/A","#N/A","#N/A","#N/A","#N/A","#N/A","#N/A","#N/A","#N/A","#N/A","#N/A","#N/A","#N/A","#N/A","#N/A","#N/A","#N/A","#N/A","#N/A","#N/A","#N/A","#N/A","#N/A","#N/A","#N/A","#N/A","#N/A","#N/A","#N/A","#N/A","#N/A","#N/A","#N/A","#N/A","#N/A","#N/A","#N/A","#N/A","#N/A","#N/A","#N/A","#N/A","#N/A","#N/A","#N/A","#N/A","#N/A","#N/A","#N/A","#N/A","#N/A","#N/A","#N/A","#N/A","#N/A","#N/A","#N/A","804.8","805.5","805.5","805.5","794.4","794.4","794.4","794.4","803.6","803.6","803.6","803.6","803.6","890.1","890.1","890.2","890.2","890.2","890.2","890.2","890.2","890.2","890.2","890.2","890.2","890.2","890.2","890.2","890.2","890.2","985.6","985.6","985.6","985.6","985.6","985.6","985.6","985.6","985.6","985.6","985.6","985.6","985.6","985.6","985.6","985.6","985.6","985.6","985.6","985.6","985.6","985.6","1205.4","1205.4","1205.4","1205.4","1205.4","1205.4","1205.4","1205.4","1205.4","1205.4","1205.4","1205.4","1205.4","1205.4","1205.4","1205.4","1459.3","1459.3","1459.3","1459.3","1459.3","1459.3","1459.3","1459.3"
"1996:Q3","#N/A","#N/A","#N/A","#N/A","#N/A","#N/A","#N/A","#N/A","#N/A","#N/A","#N/A","#N/A","#N/A","#N/A","#N/A","#N/A","#N/A","#N/A","#N/A","#N/A","#N/A","#N/A","#N/A","#N/A","#N/A","#N/A","#N/A","#N/A","#N/A","#N/A","#N/A","#N/A","#N/A","#N/A","#N/A","#N/A","#N/A","#N/A","#N/A","#N/A","#N/A","#N/A","#N/A","#N/A","#N/A","#N/A","#N/A","#N/A","#N/A","#N/A","#N/A","#N/A","#N/A","#N/A","#N/A","#N/A","#N/A","#N/A","#N/A","#N/A","#N/A","#N/A","#N/A","#N/A","#N/A","#N/A","#N/A","#N/A","#N/A","#N/A","#N/A","#N/A","#N/A","#N/A","#N/A","#N/A","#N/A","#N/A","#N/A","#N/A","#N/A","#N/A","#N/A","#N/A","#N/A","#N/A","#N/A","#N/A","#N/A","#N/A","#N/A","#N/A","#N/A","#N/A","#N/A","#N/A","#N/A","#N/A","#N/A","#N/A","#N/A","#N/A","#N/A","#N/A","#N/A","#N/A","#N/A","#N/A","#N/A","#N/A","#N/A","#N/A","#N/A","#N/A","#N/A","#N/A","#N/A","#N/A","#N/A","#N/A","#N/A","#N/A","#N/A","#N/A","805.9","807.7","807.7","795.9","795.9","795.9","795.9","804.2","804.2","804.2","804.2","804.2","892.6","892.6","892.5","892.5","892.5","892.5","892.5","892.5","892.5","892.5","892.5","892.5","892.5","892.5","892.5","892.5","892.5","994.7","994.7","994.7","994.7","994.7","994.7","994.7","994.7","994.7","994.7","994.7","994.7","994.7","994.7","994.7","994.7","994.7","994.7","994.7","994.7","994.7","994.7","1216.3","1216.3","1216.3","1216.3","1216.3","1216.3","1216.3","1216.3","1216.3","1216.3","1216.3","1216.3","1216.3","1216.3","1216.3","1216.3","1472.4","1472.4","1472.4","1472.4","1472.4","1472.4","1472.4","1472.4"
"1996:Q4","#N/A","#N/A","#N/A","#N/A","#N/A","#N/A","#N/A","#N/A","#N/A","#N/A","#N/A","#N/A","#N/A","#N/A","#N/A","#N/A","#N/A","#N/A","#N/A","#N/A","#N/A","#N/A","#N/A","#N/A","#N/A","#N/A","#N/A","#N/A","#N/A","#N/A","#N/A","#N/A","#N/A","#N/A","#N/A","#N/A","#N/A","#N/A","#N/A","#N/A","#N/A","#N/A","#N/A","#N/A","#N/A","#N/A","#N/A","#N/A","#N/A","#N/A","#N/A","#N/A","#N/A","#N/A","#N/A","#N/A","#N/A","#N/A","#N/A","#N/A","#N/A","#N/A","#N/A","#N/A","#N/A","#N/A","#N/A","#N/A","#N/A","#N/A","#N/A","#N/A","#N/A","#N/A","#N/A","#N/A","#N/A","#N/A","#N/A","#N/A","#N/A","#N/A","#N/A","#N/A","#N/A","#N/A","#N/A","#N/A","#N/A","#N/A","#N/A","#N/A","#N/A","#N/A","#N/A","#N/A","#N/A","#N/A","#N/A","#N/A","#N/A","#N/A","#N/A","#N/A","#N/A","#N/A","#N/A","#N/A","#N/A","#N/A","#N/A","#N/A","#N/A","#N/A","#N/A","#N/A","#N/A","#N/A","#N/A","#N/A","#N/A","#N/A","#N/A","#N/A","#N/A","812.1","811.4","802.3","802.3","802.3","802.3","811.8","811.8","811.8","811.8","811.8","903.4","903.4","903.0","903.0","903.0","903.0","903.0","903.0","903.0","903.0","903.0","903.0","903.0","903.0","903.0","903.0","903.0","1010.0","1010.0","1010.0","1010.0","1010.0","1010.0","1010.0","1010.0","1010.0","1010.0","1010.0","1010.0","1010.0","1010.0","1010.0","1010.0","1010.0","1010.0","1010.0","1010.0","1010.0","1010.0","1234.6","1234.6","1234.6","1234.6","1234.6","1234.6","1234.6","1234.6","1234.6","1234.6","1234.6","1234.6","1234.6","1234.6","1234.6","1234.6","1494.5","1494.5","1494.5","1494.5","1494.5","1494.5","1494.5","1494.5"
"1997:Q1","#N/A","#N/A","#N/A","#N/A","#N/A","#N/A","#N/A","#N/A","#N/A","#N/A","#N/A","#N/A","#N/A","#N/A","#N/A","#N/A","#N/A","#N/A","#N/A","#N/A","#N/A","#N/A","#N/A","#N/A","#N/A","#N/A","#N/A","#N/A","#N/A","#N/A","#N/A","#N/A","#N/A","#N/A","#N/A","#N/A","#N/A","#N/A","#N/A","#N/A","#N/A","#N/A","#N/A","#N/A","#N/A","#N/A","#N/A","#N/A","#N/A","#N/A","#N/A","#N/A","#N/A","#N/A","#N/A","#N/A","#N/A","#N/A","#N/A","#N/A","#N/A","#N/A","#N/A","#N/A","#N/A","#N/A","#N/A","#N/A","#N/A","#N/A","#N/A","#N/A","#N/A","#N/A","#N/A","#N/A","#N/A","#N/A","#N/A","#N/A","#N/A","#N/A","#N/A","#N/A","#N/A","#N/A","#N/A","#N/A","#N/A","#N/A","#N/A","#N/A","#N/A","#N/A","#N/A","#N/A","#N/A","#N/A","#N/A","#N/A","#N/A","#N/A","#N/A","#N/A","#N/A","#N/A","#N/A","#N/A","#N/A","#N/A","#N/A","#N/A","#N/A","#N/A","#N/A","#N/A","#N/A","#N/A","#N/A","#N/A","#N/A","#N/A","#N/A","#N/A","#N/A","#N/A","813.9","807.7","807.7","807.7","807.7","821.5","821.5","821.5","821.5","821.5","913.1","913.1","912.2","912.8","912.8","912.8","912.8","912.8","912.8","912.8","912.8","912.8","912.8","912.8","912.8","912.8","912.8","1019.8","1019.8","1019.8","1019.8","1019.8","1019.8","1019.8","1019.8","1019.8","1019.8","1019.8","1019.8","1019.8","1019.8","1019.8","1019.8","1019.8","1019.8","1019.8","1019.8","1019.8","1019.8","1247.6","1247.6","1247.6","1247.6","1247.6","1247.6","1247.6","1247.6","1247.6","1247.6","1247.6","1247.6","1247.6","1247.6","1247.6","1247.6","1509.4","1509.4","1509.4","1509.4","1509.4","1509.4","1509.4","1509.4"
"1997:Q2","#N/A","#N/A","#N/A","#N/A","#N/A","#N/A","#N/A","#N/A","#N/A","#N/A","#N/A","#N/A","#N/A","#N/A","#N/A","#N/A","#N/A","#N/A","#N/A","#N/A","#N/A","#N/A","#N/A","#N/A","#N/A","#N/A","#N/A","#N/A","#N/A","#N/A","#N/A","#N/A","#N/A","#N/A","#N/A","#N/A","#N/A","#N/A","#N/A","#N/A","#N/A","#N/A","#N/A","#N/A","#N/A","#N/A","#N/A","#N/A","#N/A","#N/A","#N/A","#N/A","#N/A","#N/A","#N/A","#N/A","#N/A","#N/A","#N/A","#N/A","#N/A","#N/A","#N/A","#N/A","#N/A","#N/A","#N/A","#N/A","#N/A","#N/A","#N/A","#N/A","#N/A","#N/A","#N/A","#N/A","#N/A","#N/A","#N/A","#N/A","#N/A","#N/A","#N/A","#N/A","#N/A","#N/A","#N/A","#N/A","#N/A","#N/A","#N/A","#N/A","#N/A","#N/A","#N/A","#N/A","#N/A","#N/A","#N/A","#N/A","#N/A","#N/A","#N/A","#N/A","#N/A","#N/A","#N/A","#N/A","#N/A","#N/A","#N/A","#N/A","#N/A","#N/A","#N/A","#N/A","#N/A","#N/A","#N/A","#N/A","#N/A","#N/A","#N/A","#N/A","#N/A","#N/A","#N/A","810.4","810.1","810.1","810.1","824.2","824.2","824.2","824.2","824.2","920.7","920.7","919.6","922.2","922.2","922.2","922.2","922.2","922.2","922.2","922.2","922.2","922.2","922.2","922.2","922.2","922.2","1024.0","1024.0","1024.0","1024.0","1024.0","1024.0","1024.0","1024.0","1024.0","1024.0","1024.0","1024.0","1024.0","1024.0","1024.0","1024.0","1024.0","1024.0","1024.0","1024.0","1024.0","1024.0","1252.1","1252.1","1252.1","1252.1","1252.1","1252.1","1252.1","1252.1","1252.1","1252.1","1252.1","1252.1","1252.1","1252.1","1252.1","1252.1","1515.4","1515.4","1515.4","1515.4","1515.4","1515.4","1515.4","1515.4"
"1997:Q3","#N/A","#N/A","#N/A","#N/A","#N/A","#N/A","#N/A","#N/A","#N/A","#N/A","#N/A","#N/A","#N/A","#N/A","#N/A","#N/A","#N/A","#N/A","#N/A","#N/A","#N/A","#N/A","#N/A","#N/A","#N/A","#N/A","#N/A","#N/A","#N/A","#N/A","#N/A","#N/A","#N/A","#N/A","#N/A","#N/A","#N/A","#N/A","#N/A","#N/A","#N/A","#N/A","#N/A","#N/A","#N/A","#N/A","#N/A","#N/A","#N/A","#N/A","#N/A","#N/A","#N/A","#N/A","#N/A","#N/A","#N/A","#N/A","#N/A","#N/A","#N/A","#N/A","#N/A","#N/A","#N/A","#N/A","#N/A","#N/A","#N/A","#N/A","#N/A","#N/A","#N/A","#N/A","#N/A","#N/A","#N/A","#N/A","#N/A","#N/A","#N/A","#N/A","#N/A","#N/A","#N/A","#N/A","#N/A","#N/A","#N/A","#N/A","#N/A","#N/A","#N/A","#N/A","#N/A","#N/A","#N/A","#N/A","#N/A","#N/A","#N/A","#N/A","#N/A","#N/A","#N/A","#N/A","#N/A","#N/A","#N/A","#N/A","#N/A","#N/A","#N/A","#N/A","#N/A","#N/A","#N/A","#N/A","#N/A","#N/A","#N/A","#N/A","#N/A","#N/A","#N/A","#N/A","#N/A","#N/A","814.5","814.7","814.7","830.1","830.1","830.1","830.1","830.1","928.6","928.6","927.3","931.4","931.4","931.4","931.4","931.4","931.4","931.4","931.4","931.4","931.4","931.4","931.4","931.4","931.4","1028.0","1028.0","1028.0","1028.0","1028.0","1028.0","1028.0","1028.0","1028.0","1028.0","1028.0","1028.0","1028.0","1028.0","1028.0","1028.0","1028.0","1028.0","1028.0","1028.0","1028.0","1028.0","1256.6","1256.6","1256.6","1256.6","1256.6","1256.6","1256.6","1256.6","1256.6","1256.6","1256.6","1256.6","1256.6","1256.6","1256.6","1256.6","1521.5","1521.5","1521.5","1521.5","1521.5","1521.5","1521.5","1521.5"
"1997:Q4","#N/A","#N/A","#N/A","#N/A","#N/A","#N/A","#N/A","#N/A","#N/A","#N/A","#N/A","#N/A","#N/A","#N/A","#N/A","#N/A","#N/A","#N/A","#N/A","#N/A","#N/A","#N/A","#N/A","#N/A","#N/A","#N/A","#N/A","#N/A","#N/A","#N/A","#N/A","#N/A","#N/A","#N/A","#N/A","#N/A","#N/A","#N/A","#N/A","#N/A","#N/A","#N/A","#N/A","#N/A","#N/A","#N/A","#N/A","#N/A","#N/A","#N/A","#N/A","#N/A","#N/A","#N/A","#N/A","#N/A","#N/A","#N/A","#N/A","#N/A","#N/A","#N/A","#N/A","#N/A","#N/A","#N/A","#N/A","#N/A","#N/A","#N/A","#N/A","#N/A","#N/A","#N/A","#N/A","#N/A","#N/A","#N/A","#N/A","#N/A","#N/A","#N/A","#N/A","#N/A","#N/A","#N/A","#N/A","#N/A","#N/A","#N/A","#N/A","#N/A","#N/A","#N/A","#N/A","#N/A","#N/A","#N/A","#N/A","#N/A","#N/A","#N/A","#N/A","#N/A","#N/A","#N/A","#N/A","#N/A","#N/A","#N/A","#N/A","#N/A","#N/A","#N/A","#N/A","#N/A","#N/A","#N/A","#N/A","#N/A","#N/A","#N/A","#N/A","#N/A","#N/A","#N/A","#N/A","#N/A","#N/A","819.0","818.3","832.9","832.9","832.9","832.9","832.9","934.1","934.1","932.7","936.8","936.8","936.8","936.8","936.8","936.8","936.8","936.8","936.8","936.8","936.8","936.8","936.8","936.8","1031.8","1031.8","1031.8","1031.8","1031.8","1031.8","1031.8","1031.8","1031.8","1031.8","1031.8","1031.8","1031.8","1031.8","1031.8","1031.8","1031.8","1031.8","1031.8","1031.8","1031.8","1031.8","1260.9","1260.9","1260.9","1260.9","1260.9","1260.9","1260.9","1260.9","1260.9","1260.9","1260.9","1260.9","1260.9","1260.9","1260.9","1260.9","1527.5","1527.5","1527.5","1527.5","1527.5","1527.5","1527.5","1527.5"
"1998:Q1","#N/A","#N/A","#N/A","#N/A","#N/A","#N/A","#N/A","#N/A","#N/A","#N/A","#N/A","#N/A","#N/A","#N/A","#N/A","#N/A","#N/A","#N/A","#N/A","#N/A","#N/A","#N/A","#N/A","#N/A","#N/A","#N/A","#N/A","#N/A","#N/A","#N/A","#N/A","#N/A","#N/A","#N/A","#N/A","#N/A","#N/A","#N/A","#N/A","#N/A","#N/A","#N/A","#N/A","#N/A","#N/A","#N/A","#N/A","#N/A","#N/A","#N/A","#N/A","#N/A","#N/A","#N/A","#N/A","#N/A","#N/A","#N/A","#N/A","#N/A","#N/A","#N/A","#N/A","#N/A","#N/A","#N/A","#N/A","#N/A","#N/A","#N/A","#N/A","#N/A","#N/A","#N/A","#N/A","#N/A","#N/A","#N/A","#N/A","#N/A","#N/A","#N/A","#N/A","#N/A","#N/A","#N/A","#N/A","#N/A","#N/A","#N/A","#N/A","#N/A","#N/A","#N/A","#N/A","#N/A","#N/A","#N/A","#N/A","#N/A","#N/A","#N/A","#N/A","#N/A","#N/A","#N/A","#N/A","#N/A","#N/A","#N/A","#N/A","#N/A","#N/A","#N/A","#N/A","#N/A","#N/A","#N/A","#N/A","#N/A","#N/A","#N/A","#N/A","#N/A","#N/A","#N/A","#N/A","#N/A","#N/A","#N/A","821.9","837.1","837.1","837.1","837.1","837.1","943.6","943.6","942.2","945.5","945.5","945.5","945.5","940.8","940.8","940.8","940.8","940.8","940.8","940.8","940.8","940.8","940.8","1037.0","1037.0","1037.0","1037.0","1037.0","1037.0","1037.0","1037.0","1037.0","1037.0","1037.0","1037.0","1037.0","1037.0","1037.0","1037.0","1037.0","1037.0","1037.0","1037.0","1037.0","1037.0","1271.1","1271.1","1271.1","1271.1","1271.1","1271.1","1271.1","1271.1","1271.1","1271.1","1271.1","1271.1","1271.1","1271.1","1271.1","1271.1","1539.1","1539.1","1539.1","1539.1","1539.1","1539.1","1539.1","1539.1"
"1998:Q2","#N/A","#N/A","#N/A","#N/A","#N/A","#N/A","#N/A","#N/A","#N/A","#N/A","#N/A","#N/A","#N/A","#N/A","#N/A","#N/A","#N/A","#N/A","#N/A","#N/A","#N/A","#N/A","#N/A","#N/A","#N/A","#N/A","#N/A","#N/A","#N/A","#N/A","#N/A","#N/A","#N/A","#N/A","#N/A","#N/A","#N/A","#N/A","#N/A","#N/A","#N/A","#N/A","#N/A","#N/A","#N/A","#N/A","#N/A","#N/A","#N/A","#N/A","#N/A","#N/A","#N/A","#N/A","#N/A","#N/A","#N/A","#N/A","#N/A","#N/A","#N/A","#N/A","#N/A","#N/A","#N/A","#N/A","#N/A","#N/A","#N/A","#N/A","#N/A","#N/A","#N/A","#N/A","#N/A","#N/A","#N/A","#N/A","#N/A","#N/A","#N/A","#N/A","#N/A","#N/A","#N/A","#N/A","#N/A","#N/A","#N/A","#N/A","#N/A","#N/A","#N/A","#N/A","#N/A","#N/A","#N/A","#N/A","#N/A","#N/A","#N/A","#N/A","#N/A","#N/A","#N/A","#N/A","#N/A","#N/A","#N/A","#N/A","#N/A","#N/A","#N/A","#N/A","#N/A","#N/A","#N/A","#N/A","#N/A","#N/A","#N/A","#N/A","#N/A","#N/A","#N/A","#N/A","#N/A","#N/A","#N/A","#N/A","#N/A","841.2","840.9","840.9","840.9","840.9","950.5","950.5","949.1","955.7","955.7","955.7","955.7","952.4","952.4","952.4","952.4","952.4","952.4","952.4","952.4","952.4","952.4","1055.2","1055.2","1055.2","1055.2","1055.2","1055.2","1055.2","1055.2","1055.2","1055.2","1055.2","1055.2","1055.2","1055.2","1055.2","1055.2","1055.2","1055.2","1055.2","1055.2","1055.2","1055.2","1294.7","1294.7","1294.7","1294.7","1294.7","1294.7","1294.7","1294.7","1294.7","1294.7","1294.7","1294.7","1294.7","1294.7","1294.7","1294.7","1566.6","1566.6","1566.6","1566.6","1566.6","1566.6","1566.6","1566.6"
"1998:Q3","#N/A","#N/A","#N/A","#N/A","#N/A","#N/A","#N/A","#N/A","#N/A","#N/A","#N/A","#N/A","#N/A","#N/A","#N/A","#N/A","#N/A","#N/A","#N/A","#N/A","#N/A","#N/A","#N/A","#N/A","#N/A","#N/A","#N/A","#N/A","#N/A","#N/A","#N/A","#N/A","#N/A","#N/A","#N/A","#N/A","#N/A","#N/A","#N/A","#N/A","#N/A","#N/A","#N/A","#N/A","#N/A","#N/A","#N/A","#N/A","#N/A","#N/A","#N/A","#N/A","#N/A","#N/A","#N/A","#N/A","#N/A","#N/A","#N/A","#N/A","#N/A","#N/A","#N/A","#N/A","#N/A","#N/A","#N/A","#N/A","#N/A","#N/A","#N/A","#N/A","#N/A","#N/A","#N/A","#N/A","#N/A","#N/A","#N/A","#N/A","#N/A","#N/A","#N/A","#N/A","#N/A","#N/A","#N/A","#N/A","#N/A","#N/A","#N/A","#N/A","#N/A","#N/A","#N/A","#N/A","#N/A","#N/A","#N/A","#N/A","#N/A","#N/A","#N/A","#N/A","#N/A","#N/A","#N/A","#N/A","#N/A","#N/A","#N/A","#N/A","#N/A","#N/A","#N/A","#N/A","#N/A","#N/A","#N/A","#N/A","#N/A","#N/A","#N/A","#N/A","#N/A","#N/A","#N/A","#N/A","#N/A","#N/A","#N/A","#N/A","847.5","847.3","847.3","847.3","958.1","958.1","956.9","965.1","965.1","965.1","965.1","964.7","964.7","964.7","964.7","964.7","964.7","964.7","964.7","964.7","964.7","1074.9","1074.9","1074.9","1074.9","1074.9","1074.9","1074.9","1074.9","1074.9","1074.9","1074.9","1074.9","1074.9","1074.9","1074.9","1074.9","1074.9","1074.9","1074.9","1074.9","1074.9","1074.9","1319.0","1319.0","1319.0","1319.0","1319.0","1319.0","1319.0","1319.0","1319.0","1319.0","1319.0","1319.0","1319.0","1319.0","1319.0","1319.0","1594.5","1594.5","1594.5","1594.5","1594.5","1594.5","1594.5","1594.5"
"1998:Q4","#N/A","#N/A","#N/A","#N/A","#N/A","#N/A","#N/A","#N/A","#N/A","#N/A","#N/A","#N/A","#N/A","#N/A","#N/A","#N/A","#N/A","#N/A","#N/A","#N/A","#N/A","#N/A","#N/A","#N/A","#N/A","#N/A","#N/A","#N/A","#N/A","#N/A","#N/A","#N/A","#N/A","#N/A","#N/A","#N/A","#N/A","#N/A","#N/A","#N/A","#N/A","#N/A","#N/A","#N/A","#N/A","#N/A","#N/A","#N/A","#N/A","#N/A","#N/A","#N/A","#N/A","#N/A","#N/A","#N/A","#N/A","#N/A","#N/A","#N/A","#N/A","#N/A","#N/A","#N/A","#N/A","#N/A","#N/A","#N/A","#N/A","#N/A","#N/A","#N/A","#N/A","#N/A","#N/A","#N/A","#N/A","#N/A","#N/A","#N/A","#N/A","#N/A","#N/A","#N/A","#N/A","#N/A","#N/A","#N/A","#N/A","#N/A","#N/A","#N/A","#N/A","#N/A","#N/A","#N/A","#N/A","#N/A","#N/A","#N/A","#N/A","#N/A","#N/A","#N/A","#N/A","#N/A","#N/A","#N/A","#N/A","#N/A","#N/A","#N/A","#N/A","#N/A","#N/A","#N/A","#N/A","#N/A","#N/A","#N/A","#N/A","#N/A","#N/A","#N/A","#N/A","#N/A","#N/A","#N/A","#N/A","#N/A","#N/A","#N/A","#N/A","851.7","850.0","850.0","963.6","963.6","962.6","970.7","970.7","970.7","970.7","972.8","972.8","972.8","972.8","972.8","972.8","972.8","972.8","972.8","972.8","1084.9","1084.9","1084.9","1084.9","1084.9","1084.9","1084.9","1084.9","1084.9","1084.9","1084.9","1084.9","1084.9","1084.9","1084.9","1084.9","1084.9","1084.9","1084.9","1084.9","1084.9","1084.9","1330.2","1330.2","1330.2","1330.2","1330.2","1330.2","1330.2","1330.2","1330.2","1330.2","1330.2","1330.2","1330.2","1330.2","1330.2","1330.2","1606.9","1606.9","1606.9","1606.9","1606.9","1606.9","1606.9","1606.9"
"1999:Q1","#N/A","#N/A","#N/A","#N/A","#N/A","#N/A","#N/A","#N/A","#N/A","#N/A","#N/A","#N/A","#N/A","#N/A","#N/A","#N/A","#N/A","#N/A","#N/A","#N/A","#N/A","#N/A","#N/A","#N/A","#N/A","#N/A","#N/A","#N/A","#N/A","#N/A","#N/A","#N/A","#N/A","#N/A","#N/A","#N/A","#N/A","#N/A","#N/A","#N/A","#N/A","#N/A","#N/A","#N/A","#N/A","#N/A","#N/A","#N/A","#N/A","#N/A","#N/A","#N/A","#N/A","#N/A","#N/A","#N/A","#N/A","#N/A","#N/A","#N/A","#N/A","#N/A","#N/A","#N/A","#N/A","#N/A","#N/A","#N/A","#N/A","#N/A","#N/A","#N/A","#N/A","#N/A","#N/A","#N/A","#N/A","#N/A","#N/A","#N/A","#N/A","#N/A","#N/A","#N/A","#N/A","#N/A","#N/A","#N/A","#N/A","#N/A","#N/A","#N/A","#N/A","#N/A","#N/A","#N/A","#N/A","#N/A","#N/A","#N/A","#N/A","#N/A","#N/A","#N/A","#N/A","#N/A","#N/A","#N/A","#N/A","#N/A","#N/A","#N/A","#N/A","#N/A","#N/A","#N/A","#N/A","#N/A","#N/A","#N/A","#N/A","#N/A","#N/A","#N/A","#N/A","#N/A","#N/A","#N/A","#N/A","#N/A","#N/A","#N/A","#N/A","#N/A","865.0","865.8","982.9","982.9","981.8","987.2","987.2","987.2","987.2","985.2","985.2","985.2","985.2","988.3","988.3","988.3","988.3","988.3","988.3","1099.3","1099.3","1099.3","1099.3","1099.3","1099.3","1099.3","1099.3","1099.3","1099.3","1099.3","1099.3","1099.3","1099.3","1099.3","1099.3","1099.3","1099.3","1099.3","1099.3","1099.3","1099.3","1345.2","1345.2","1345.2","1345.2","1345.2","1345.2","1345.2","1345.2","1345.2","1345.2","1345.2","1345.2","1345.2","1345.2","1345.2","1345.2","1624.5","1624.5","1624.5","1624.5","1624.5","1624.5","1624.5","1624.5"
"1999:Q2","#N/A","#N/A","#N/A","#N/A","#N/A","#N/A","#N/A","#N/A","#N/A","#N/A","#N/A","#N/A","#N/A","#N/A","#N/A","#N/A","#N/A","#N/A","#N/A","#N/A","#N/A","#N/A","#N/A","#N/A","#N/A","#N/A","#N/A","#N/A","#N/A","#N/A","#N/A","#N/A","#N/A","#N/A","#N/A","#N/A","#N/A","#N/A","#N/A","#N/A","#N/A","#N/A","#N/A","#N/A","#N/A","#N/A","#N/A","#N/A","#N/A","#N/A","#N/A","#N/A","#N/A","#N/A","#N/A","#N/A","#N/A","#N/A","#N/A","#N/A","#N/A","#N/A","#N/A","#N/A","#N/A","#N/A","#N/A","#N/A","#N/A","#N/A","#N/A","#N/A","#N/A","#N/A","#N/A","#N/A","#N/A","#N/A","#N/A","#N/A","#N/A","#N/A","#N/A","#N/A","#N/A","#N/A","#N/A","#N/A","#N/A","#N/A","#N/A","#N/A","#N/A","#N/A","#N/A","#N/A","#N/A","#N/A","#N/A","#N/A","#N/A","#N/A","#N/A","#N/A","#N/A","#N/A","#N/A","#N/A","#N/A","#N/A","#N/A","#N/A","#N/A","#N/A","#N/A","#N/A","#N/A","#N/A","#N/A","#N/A","#N/A","#N/A","#N/A","#N/A","#N/A","#N/A","#N/A","#N/A","#N/A","#N/A","#N/A","#N/A","#N/A","#N/A","#N/A","865.5","985.1","985.1","984.0","987.5","987.5","987.5","987.5","988.6","988.6","988.6","988.6","995.7","995.7","995.7","995.7","995.7","995.7","1107.0","1107.0","1107.0","1107.0","1107.0","1107.0","1107.0","1107.0","1107.0","1107.0","1107.0","1107.0","1107.0","1107.0","1107.0","1107.0","1107.0","1107.0","1107.0","1107.0","1107.0","1107.0","1353.7","1353.7","1353.7","1353.7","1353.7","1353.7","1353.7","1353.7","1353.7","1353.7","1353.7","1353.7","1353.7","1353.7","1353.7","1353.7","1634.0","1634.0","1634.0","1634.0","1634.0","1634.0","1634.0","1634.0"
"1999:Q3","#N/A","#N/A","#N/A","#N/A","#N/A","#N/A","#N/A","#N/A","#N/A","#N/A","#N/A","#N/A","#N/A","#N/A","#N/A","#N/A","#N/A","#N/A","#N/A","#N/A","#N/A","#N/A","#N/A","#N/A","#N/A","#N/A","#N/A","#N/A","#N/A","#N/A","#N/A","#N/A","#N/A","#N/A","#N/A","#N/A","#N/A","#N/A","#N/A","#N/A","#N/A","#N/A","#N/A","#N/A","#N/A","#N/A","#N/A","#N/A","#N/A","#N/A","#N/A","#N/A","#N/A","#N/A","#N/A","#N/A","#N/A","#N/A","#N/A","#N/A","#N/A","#N/A","#N/A","#N/A","#N/A","#N/A","#N/A","#N/A","#N/A","#N/A","#N/A","#N/A","#N/A","#N/A","#N/A","#N/A","#N/A","#N/A","#N/A","#N/A","#N/A","#N/A","#N/A","#N/A","#N/A","#N/A","#N/A","#N/A","#N/A","#N/A","#N/A","#N/A","#N/A","#N/A","#N/A","#N/A","#N/A","#N/A","#N/A","#N/A","#N/A","#N/A","#N/A","#N/A","#N/A","#N/A","#N/A","#N/A","#N/A","#N/A","#N/A","#N/A","#N/A","#N/A","#N/A","#N/A","#N/A","#N/A","#N/A","#N/A","#N/A","#N/A","#N/A","#N/A","#N/A","#N/A","#N/A","#N/A","#N/A","#N/A","#N/A","#N/A","#N/A","#N/A","#N/A","#N/A","993.4","996.6","995.5","996.4","996.4","996.4","996.4","995.8","995.8","995.8","995.8","1006.0","1006.0","1006.0","1006.0","1006.0","1006.0","1116.3","1116.3","1116.3","1116.3","1116.3","1116.3","1116.3","1116.3","1116.3","1116.3","1116.3","1116.3","1116.3","1116.3","1116.3","1116.3","1116.3","1116.3","1116.3","1116.3","1116.3","1116.3","1365.7","1365.7","1365.7","1365.7","1365.7","1365.7","1365.7","1365.7","1365.7","1365.7","1365.7","1365.7","1365.7","1365.7","1365.7","1365.7","1648.0","1648.0","1648.0","1648.0","1648.0","1648.0","1648.0","1648.0"
"1999:Q4","#N/A","#N/A","#N/A","#N/A","#N/A","#N/A","#N/A","#N/A","#N/A","#N/A","#N/A","#N/A","#N/A","#N/A","#N/A","#N/A","#N/A","#N/A","#N/A","#N/A","#N/A","#N/A","#N/A","#N/A","#N/A","#N/A","#N/A","#N/A","#N/A","#N/A","#N/A","#N/A","#N/A","#N/A","#N/A","#N/A","#N/A","#N/A","#N/A","#N/A","#N/A","#N/A","#N/A","#N/A","#N/A","#N/A","#N/A","#N/A","#N/A","#N/A","#N/A","#N/A","#N/A","#N/A","#N/A","#N/A","#N/A","#N/A","#N/A","#N/A","#N/A","#N/A","#N/A","#N/A","#N/A","#N/A","#N/A","#N/A","#N/A","#N/A","#N/A","#N/A","#N/A","#N/A","#N/A","#N/A","#N/A","#N/A","#N/A","#N/A","#N/A","#N/A","#N/A","#N/A","#N/A","#N/A","#N/A","#N/A","#N/A","#N/A","#N/A","#N/A","#N/A","#N/A","#N/A","#N/A","#N/A","#N/A","#N/A","#N/A","#N/A","#N/A","#N/A","#N/A","#N/A","#N/A","#N/A","#N/A","#N/A","#N/A","#N/A","#N/A","#N/A","#N/A","#N/A","#N/A","#N/A","#N/A","#N/A","#N/A","#N/A","#N/A","#N/A","#N/A","#N/A","#N/A","#N/A","#N/A","#N/A","#N/A","#N/A","#N/A","#N/A","#N/A","#N/A","#N/A","#N/A","1007.5","1011.1","1011.2","1011.2","1011.2","1011.2","1009.1","1009.1","1009.1","1009.1","1019.8","1019.8","1019.8","1019.8","1019.8","1019.8","1130.2","1130.2","1130.2","1130.2","1130.2","1130.2","1130.2","1130.2","1130.2","1130.2","1130.2","1130.2","1130.2","1130.2","1130.2","1130.2","1130.2","1130.2","1130.2","1130.2","1130.2","1130.2","1382.7","1382.7","1382.7","1382.7","1382.7","1382.7","1382.7","1382.7","1382.7","1382.7","1382.7","1382.7","1382.7","1382.7","1382.7","1382.7","1668.1","1668.1","1668.1","1668.1","1668.1","1668.1","1668.1","1668.1"
"2000:Q1","#N/A","#N/A","#N/A","#N/A","#N/A","#N/A","#N/A","#N/A","#N/A","#N/A","#N/A","#N/A","#N/A","#N/A","#N/A","#N/A","#N/A","#N/A","#N/A","#N/A","#N/A","#N/A","#N/A","#N/A","#N/A","#N/A","#N/A","#N/A","#N/A","#N/A","#N/A","#N/A","#N/A","#N/A","#N/A","#N/A","#N/A","#N/A","#N/A","#N/A","#N/A","#N/A","#N/A","#N/A","#N/A","#N/A","#N/A","#N/A","#N/A","#N/A","#N/A","#N/A","#N/A","#N/A","#N/A","#N/A","#N/A","#N/A","#N/A","#N/A","#N/A","#N/A","#N/A","#N/A","#N/A","#N/A","#N/A","#N/A","#N/A","#N/A","#N/A","#N/A","#N/A","#N/A","#N/A","#N/A","#N/A","#N/A","#N/A","#N/A","#N/A","#N/A","#N/A","#N/A","#N/A","#N/A","#N/A","#N/A","#N/A","#N/A","#N/A","#N/A","#N/A","#N/A","#N/A","#N/A","#N/A","#N/A","#N/A","#N/A","#N/A","#N/A","#N/A","#N/A","#N/A","#N/A","#N/A","#N/A","#N/A","#N/A","#N/A","#N/A","#N/A","#N/A","#N/A","#N/A","#N/A","#N/A","#N/A","#N/A","#N/A","#N/A","#N/A","#N/A","#N/A","#N/A","#N/A","#N/A","#N/A","#N/A","#N/A","#N/A","#N/A","#N/A","#N/A","#N/A","#N/A","#N/A","1029.4","1027.4","1027.4","1027.4","1027.4","1023.0","1023.0","1023.0","1023.0","1033.8","1033.8","1033.8","1033.8","1033.8","1033.8","1139.2","1139.2","1139.2","1139.2","1139.2","1139.2","1139.2","1139.2","1139.2","1139.2","1139.2","1139.2","1139.2","1139.2","1139.2","1139.2","1139.2","1139.2","1139.2","1139.2","1139.2","1139.2","1394.0","1394.0","1394.0","1394.0","1394.0","1394.0","1394.0","1394.0","1394.0","1394.0","1394.0","1394.0","1394.0","1394.0","1394.0","1394.0","1680.8","1680.8","1680.8","1680.8","1680.8","1680.8","1680.8","1680.8"
"2000:Q2","#N/A","#N/A","#N/A","#N/A","#N/A","#N/A","#N/A","#N/A","#N/A","#N/A","#N/A","#N/A","#N/A","#N/A","#N/A","#N/A","#N/A","#N/A","#N/A","#N/A","#N/A","#N/A","#N/A","#N/A","#N/A","#N/A","#N/A","#N/A","#N/A","#N/A","#N/A","#N/A","#N/A","#N/A","#N/A","#N/A","#N/A","#N/A","#N/A","#N/A","#N/A","#N/A","#N/A","#N/A","#N/A","#N/A","#N/A","#N/A","#N/A","#N/A","#N/A","#N/A","#N/A","#N/A","#N/A","#N/A","#N/A","#N/A","#N/A","#N/A","#N/A","#N/A","#N/A","#N/A","#N/A","#N/A","#N/A","#N/A","#N/A","#N/A","#N/A","#N/A","#N/A","#N/A","#N/A","#N/A","#N/A","#N/A","#N/A","#N/A","#N/A","#N/A","#N/A","#N/A","#N/A","#N/A","#N/A","#N/A","#N/A","#N/A","#N/A","#N/A","#N/A","#N/A","#N/A","#N/A","#N/A","#N/A","#N/A","#N/A","#N/A","#N/A","#N/A","#N/A","#N/A","#N/A","#N/A","#N/A","#N/A","#N/A","#N/A","#N/A","#N/A","#N/A","#N/A","#N/A","#N/A","#N/A","#N/A","#N/A","#N/A","#N/A","#N/A","#N/A","#N/A","#N/A","#N/A","#N/A","#N/A","#N/A","#N/A","#N/A","#N/A","#N/A","#N/A","#N/A","#N/A","#N/A","#N/A","1028.7","1024.6","1024.6","1024.6","1020.1","1020.1","1020.1","1020.1","1031.8","1031.8","1031.8","1031.8","1031.8","1031.8","1139.3","1139.3","1139.3","1139.3","1139.3","1139.3","1139.3","1139.3","1139.3","1139.3","1139.3","1139.3","1139.3","1139.3","1139.3","1139.3","1139.3","1139.3","1139.3","1139.3","1139.3","1139.3","1394.2","1394.2","1394.2","1394.2","1394.2","1394.2","1394.2","1394.2","1394.2","1394.2","1394.2","1394.2","1394.2","1394.2","1394.2","1394.2","1681.2","1681.2","1681.2","1681.2","1681.2","1681.2","1681.2","1681.2"
"2000:Q3","#N/A","#N/A","#N/A","#N/A","#N/A","#N/A","#N/A","#N/A","#N/A","#N/A","#N/A","#N/A","#N/A","#N/A","#N/A","#N/A","#N/A","#N/A","#N/A","#N/A","#N/A","#N/A","#N/A","#N/A","#N/A","#N/A","#N/A","#N/A","#N/A","#N/A","#N/A","#N/A","#N/A","#N/A","#N/A","#N/A","#N/A","#N/A","#N/A","#N/A","#N/A","#N/A","#N/A","#N/A","#N/A","#N/A","#N/A","#N/A","#N/A","#N/A","#N/A","#N/A","#N/A","#N/A","#N/A","#N/A","#N/A","#N/A","#N/A","#N/A","#N/A","#N/A","#N/A","#N/A","#N/A","#N/A","#N/A","#N/A","#N/A","#N/A","#N/A","#N/A","#N/A","#N/A","#N/A","#N/A","#N/A","#N/A","#N/A","#N/A","#N/A","#N/A","#N/A","#N/A","#N/A","#N/A","#N/A","#N/A","#N/A","#N/A","#N/A","#N/A","#N/A","#N/A","#N/A","#N/A","#N/A","#N/A","#N/A","#N/A","#N/A","#N/A","#N/A","#N/A","#N/A","#N/A","#N/A","#N/A","#N/A","#N/A","#N/A","#N/A","#N/A","#N/A","#N/A","#N/A","#N/A","#N/A","#N/A","#N/A","#N/A","#N/A","#N/A","#N/A","#N/A","#N/A","#N/A","#N/A","#N/A","#N/A","#N/A","#N/A","#N/A","#N/A","#N/A","#N/A","#N/A","#N/A","#N/A","#N/A","1024.6","1031.9","1031.9","1027.6","1027.6","1027.6","1027.6","1037.8","1037.8","1037.8","1037.8","1037.8","1037.8","1142.9","1142.9","1142.9","1142.9","1142.9","1142.9","1142.9","1142.9","1142.9","1142.9","1142.9","1142.9","1142.9","1142.9","1142.9","1142.9","1142.9","1142.9","1142.9","1142.9","1142.9","1142.9","1401.4","1401.4","1401.4","1401.4","1401.4","1401.4","1401.4","1401.4","1401.4","1401.4","1401.4","1401.4","1401.4","1401.4","1401.4","1401.4","1691.0","1691.0","1691.0","1691.0","1691.0","1691.0","1691.0","1691.0"
"2000:Q4","#N/A","#N/A","#N/A","#N/A","#N/A","#N/A","#N/A","#N/A","#N/A","#N/A","#N/A","#N/A","#N/A","#N/A","#N/A","#N/A","#N/A","#N/A","#N/A","#N/A","#N/A","#N/A","#N/A","#N/A","#N/A","#N/A","#N/A","#N/A","#N/A","#N/A","#N/A","#N/A","#N/A","#N/A","#N/A","#N/A","#N/A","#N/A","#N/A","#N/A","#N/A","#N/A","#N/A","#N/A","#N/A","#N/A","#N/A","#N/A","#N/A","#N/A","#N/A","#N/A","#N/A","#N/A","#N/A","#N/A","#N/A","#N/A","#N/A","#N/A","#N/A","#N/A","#N/A","#N/A","#N/A","#N/A","#N/A","#N/A","#N/A","#N/A","#N/A","#N/A","#N/A","#N/A","#N/A","#N/A","#N/A","#N/A","#N/A","#N/A","#N/A","#N/A","#N/A","#N/A","#N/A","#N/A","#N/A","#N/A","#N/A","#N/A","#N/A","#N/A","#N/A","#N/A","#N/A","#N/A","#N/A","#N/A","#N/A","#N/A","#N/A","#N/A","#N/A","#N/A","#N/A","#N/A","#N/A","#N/A","#N/A","#N/A","#N/A","#N/A","#N/A","#N/A","#N/A","#N/A","#N/A","#N/A","#N/A","#N/A","#N/A","#N/A","#N/A","#N/A","#N/A","#N/A","#N/A","#N/A","#N/A","#N/A","#N/A","#N/A","#N/A","#N/A","#N/A","#N/A","#N/A","#N/A","#N/A","#N/A","#N/A","1037.1","1038.1","1034.3","1034.3","1034.3","1034.3","1046.3","1046.3","1046.3","1046.3","1046.3","1046.3","1149.9","1149.9","1149.9","1149.9","1149.9","1149.9","1149.9","1149.9","1149.9","1149.9","1149.9","1149.9","1149.9","1149.9","1149.9","1149.9","1149.9","1149.9","1149.9","1149.9","1149.9","1149.9","1411.0","1411.0","1411.0","1411.0","1411.0","1411.0","1411.0","1411.0","1411.0","1411.0","1411.0","1411.0","1411.0","1411.0","1411.0","1411.0","1703.6","1703.6","1703.6","1703.6","1703.6","1703.6","1703.6","1703.6"
"2001:Q1","#N/A","#N/A","#N/A","#N/A","#N/A","#N/A","#N/A","#N/A","#N/A","#N/A","#N/A","#N/A","#N/A","#N/A","#N/A","#N/A","#N/A","#N/A","#N/A","#N/A","#N/A","#N/A","#N/A","#N/A","#N/A","#N/A","#N/A","#N/A","#N/A","#N/A","#N/A","#N/A","#N/A","#N/A","#N/A","#N/A","#N/A","#N/A","#N/A","#N/A","#N/A","#N/A","#N/A","#N/A","#N/A","#N/A","#N/A","#N/A","#N/A","#N/A","#N/A","#N/A","#N/A","#N/A","#N/A","#N/A","#N/A","#N/A","#N/A","#N/A","#N/A","#N/A","#N/A","#N/A","#N/A","#N/A","#N/A","#N/A","#N/A","#N/A","#N/A","#N/A","#N/A","#N/A","#N/A","#N/A","#N/A","#N/A","#N/A","#N/A","#N/A","#N/A","#N/A","#N/A","#N/A","#N/A","#N/A","#N/A","#N/A","#N/A","#N/A","#N/A","#N/A","#N/A","#N/A","#N/A","#N/A","#N/A","#N/A","#N/A","#N/A","#N/A","#N/A","#N/A","#N/A","#N/A","#N/A","#N/A","#N/A","#N/A","#N/A","#N/A","#N/A","#N/A","#N/A","#N/A","#N/A","#N/A","#N/A","#N/A","#N/A","#N/A","#N/A","#N/A","#N/A","#N/A","#N/A","#N/A","#N/A","#N/A","#N/A","#N/A","#N/A","#N/A","#N/A","#N/A","#N/A","#N/A","#N/A","#N/A","#N/A","#N/A","1046.0","1050.5","1050.5","1050.5","1050.5","1056.2","1056.2","1056.2","1056.2","1056.2","1056.2","1161.9","1161.9","1161.1","1161.1","1161.1","1161.1","1161.1","1161.1","1161.1","1161.1","1161.1","1161.1","1161.1","1161.1","1161.1","1161.1","1161.1","1161.1","1161.1","1161.1","1161.1","1161.1","1427.3","1427.3","1427.3","1427.3","1427.3","1427.3","1427.3","1427.3","1427.3","1427.3","1427.3","1427.3","1427.3","1427.3","1427.3","1427.3","1722.9","1722.9","1722.9","1722.9","1722.9","1722.9","1722.9","1722.9"
"2001:Q2","#N/A","#N/A","#N/A","#N/A","#N/A","#N/A","#N/A","#N/A","#N/A","#N/A","#N/A","#N/A","#N/A","#N/A","#N/A","#N/A","#N/A","#N/A","#N/A","#N/A","#N/A","#N/A","#N/A","#N/A","#N/A","#N/A","#N/A","#N/A","#N/A","#N/A","#N/A","#N/A","#N/A","#N/A","#N/A","#N/A","#N/A","#N/A","#N/A","#N/A","#N/A","#N/A","#N/A","#N/A","#N/A","#N/A","#N/A","#N/A","#N/A","#N/A","#N/A","#N/A","#N/A","#N/A","#N/A","#N/A","#N/A","#N/A","#N/A","#N/A","#N/A","#N/A","#N/A","#N/A","#N/A","#N/A","#N/A","#N/A","#N/A","#N/A","#N/A","#N/A","#N/A","#N/A","#N/A","#N/A","#N/A","#N/A","#N/A","#N/A","#N/A","#N/A","#N/A","#N/A","#N/A","#N/A","#N/A","#N/A","#N/A","#N/A","#N/A","#N/A","#N/A","#N/A","#N/A","#N/A","#N/A","#N/A","#N/A","#N/A","#N/A","#N/A","#N/A","#N/A","#N/A","#N/A","#N/A","#N/A","#N/A","#N/A","#N/A","#N/A","#N/A","#N/A","#N/A","#N/A","#N/A","#N/A","#N/A","#N/A","#N/A","#N/A","#N/A","#N/A","#N/A","#N/A","#N/A","#N/A","#N/A","#N/A","#N/A","#N/A","#N/A","#N/A","#N/A","#N/A","#N/A","#N/A","#N/A","#N/A","#N/A","#N/A","#N/A","1069.7","1067.4","1067.4","1067.4","1070.2","1070.2","1070.2","1070.2","1070.2","1070.2","1177.1","1177.1","1181.6","1181.6","1181.6","1181.6","1181.6","1181.6","1181.6","1181.6","1181.6","1181.6","1181.6","1181.6","1181.6","1181.6","1181.6","1181.6","1181.6","1181.6","1181.6","1181.6","1456.5","1456.5","1456.5","1456.5","1456.5","1456.5","1456.5","1456.5","1456.5","1456.5","1456.5","1456.5","1456.5","1456.5","1456.5","1456.5","1756.8","1756.8","1756.8","1756.8","1756.8","1756.8","1756.8","1756.8"
"2001:Q3","#N/A","#N/A","#N/A","#N/A","#N/A","#N/A","#N/A","#N/A","#N/A","#N/A","#N/A","#N/A","#N/A","#N/A","#N/A","#N/A","#N/A","#N/A","#N/A","#N/A","#N/A","#N/A","#N/A","#N/A","#N/A","#N/A","#N/A","#N/A","#N/A","#N/A","#N/A","#N/A","#N/A","#N/A","#N/A","#N/A","#N/A","#N/A","#N/A","#N/A","#N/A","#N/A","#N/A","#N/A","#N/A","#N/A","#N/A","#N/A","#N/A","#N/A","#N/A","#N/A","#N/A","#N/A","#N/A","#N/A","#N/A","#N/A","#N/A","#N/A","#N/A","#N/A","#N/A","#N/A","#N/A","#N/A","#N/A","#N/A","#N/A","#N/A","#N/A","#N/A","#N/A","#N/A","#N/A","#N/A","#N/A","#N/A","#N/A","#N/A","#N/A","#N/A","#N/A","#N/A","#N/A","#N/A","#N/A","#N/A","#N/A","#N/A","#N/A","#N/A","#N/A","#N/A","#N/A","#N/A","#N/A","#N/A","#N/A","#N/A","#N/A","#N/A","#N/A","#N/A","#N/A","#N/A","#N/A","#N/A","#N/A","#N/A","#N/A","#N/A","#N/A","#N/A","#N/A","#N/A","#N/A","#N/A","#N/A","#N/A","#N/A","#N/A","#N/A","#N/A","#N/A","#N/A","#N/A","#N/A","#N/A","#N/A","#N/A","#N/A","#N/A","#N/A","#N/A","#N/A","#N/A","#N/A","#N/A","#N/A","#N/A","#N/A","#N/A","#N/A","1068.4","1063.8","1063.8","1064.1","1064.1","1064.1","1064.1","1064.1","1064.1","1158.9","1158.9","1174.6","1174.6","1174.6","1174.6","1174.6","1174.6","1174.6","1174.6","1174.6","1174.6","1174.6","1174.6","1174.6","1174.6","1174.6","1174.6","1174.6","1174.6","1174.6","1174.6","1447.7","1447.7","1447.7","1447.7","1447.7","1447.7","1447.7","1447.7","1447.7","1447.7","1447.7","1447.7","1447.7","1447.7","1447.7","1447.7","1747.3","1747.3","1747.3","1747.3","1747.3","1747.3","1747.3","1747.3"
"2001:Q4","#N/A","#N/A","#N/A","#N/A","#N/A","#N/A","#N/A","#N/A","#N/A","#N/A","#N/A","#N/A","#N/A","#N/A","#N/A","#N/A","#N/A","#N/A","#N/A","#N/A","#N/A","#N/A","#N/A","#N/A","#N/A","#N/A","#N/A","#N/A","#N/A","#N/A","#N/A","#N/A","#N/A","#N/A","#N/A","#N/A","#N/A","#N/A","#N/A","#N/A","#N/A","#N/A","#N/A","#N/A","#N/A","#N/A","#N/A","#N/A","#N/A","#N/A","#N/A","#N/A","#N/A","#N/A","#N/A","#N/A","#N/A","#N/A","#N/A","#N/A","#N/A","#N/A","#N/A","#N/A","#N/A","#N/A","#N/A","#N/A","#N/A","#N/A","#N/A","#N/A","#N/A","#N/A","#N/A","#N/A","#N/A","#N/A","#N/A","#N/A","#N/A","#N/A","#N/A","#N/A","#N/A","#N/A","#N/A","#N/A","#N/A","#N/A","#N/A","#N/A","#N/A","#N/A","#N/A","#N/A","#N/A","#N/A","#N/A","#N/A","#N/A","#N/A","#N/A","#N/A","#N/A","#N/A","#N/A","#N/A","#N/A","#N/A","#N/A","#N/A","#N/A","#N/A","#N/A","#N/A","#N/A","#N/A","#N/A","#N/A","#N/A","#N/A","#N/A","#N/A","#N/A","#N/A","#N/A","#N/A","#N/A","#N/A","#N/A","#N/A","#N/A","#N/A","#N/A","#N/A","#N/A","#N/A","#N/A","#N/A","#N/A","#N/A","#N/A","#N/A","#N/A","1087.0","1088.4","1087.1","1087.1","1087.1","1087.1","1087.1","1087.1","1176.1","1176.1","1198.5","1198.5","1198.5","1198.5","1198.5","1198.5","1198.5","1198.5","1198.5","1198.5","1198.5","1198.5","1198.5","1198.5","1198.5","1198.5","1198.5","1198.5","1198.5","1198.5","1477.6","1477.6","1477.6","1477.6","1477.6","1477.6","1477.6","1477.6","1477.6","1477.6","1477.6","1477.6","1477.6","1477.6","1477.6","1477.6","1778.9","1778.9","1778.9","1778.9","1778.9","1778.9","1778.9","1778.9"
"2002:Q1","#N/A","#N/A","#N/A","#N/A","#N/A","#N/A","#N/A","#N/A","#N/A","#N/A","#N/A","#N/A","#N/A","#N/A","#N/A","#N/A","#N/A","#N/A","#N/A","#N/A","#N/A","#N/A","#N/A","#N/A","#N/A","#N/A","#N/A","#N/A","#N/A","#N/A","#N/A","#N/A","#N/A","#N/A","#N/A","#N/A","#N/A","#N/A","#N/A","#N/A","#N/A","#N/A","#N/A","#N/A","#N/A","#N/A","#N/A","#N/A","#N/A","#N/A","#N/A","#N/A","#N/A","#N/A","#N/A","#N/A","#N/A","#N/A","#N/A","#N/A","#N/A","#N/A","#N/A","#N/A","#N/A","#N/A","#N/A","#N/A","#N/A","#N/A","#N/A","#N/A","#N/A","#N/A","#N/A","#N/A","#N/A","#N/A","#N/A","#N/A","#N/A","#N/A","#N/A","#N/A","#N/A","#N/A","#N/A","#N/A","#N/A","#N/A","#N/A","#N/A","#N/A","#N/A","#N/A","#N/A","#N/A","#N/A","#N/A","#N/A","#N/A","#N/A","#N/A","#N/A","#N/A","#N/A","#N/A","#N/A","#N/A","#N/A","#N/A","#N/A","#N/A","#N/A","#N/A","#N/A","#N/A","#N/A","#N/A","#N/A","#N/A","#N/A","#N/A","#N/A","#N/A","#N/A","#N/A","#N/A","#N/A","#N/A","#N/A","#N/A","#N/A","#N/A","#N/A","#N/A","#N/A","#N/A","#N/A","#N/A","#N/A","#N/A","#N/A","#N/A","#N/A","#N/A","1103.4","1099.3","1099.3","1099.3","1099.3","1099.3","1099.3","1184.1","1184.1","1207.2","1207.2","1207.2","1207.2","1208.9","1208.9","1208.9","1208.9","1208.9","1208.9","1208.9","1208.9","1208.9","1208.9","1208.9","1208.9","1208.9","1208.9","1208.9","1208.9","1494.0","1494.0","1494.0","1494.0","1494.0","1494.0","1494.0","1494.0","1494.0","1494.0","1494.0","1494.0","1494.0","1494.0","1494.0","1494.0","1795.9","1795.9","1795.9","1795.9","1795.9","1795.9","1795.9","1795.9"
"2002:Q2","#N/A","#N/A","#N/A","#N/A","#N/A","#N/A","#N/A","#N/A","#N/A","#N/A","#N/A","#N/A","#N/A","#N/A","#N/A","#N/A","#N/A","#N/A","#N/A","#N/A","#N/A","#N/A","#N/A","#N/A","#N/A","#N/A","#N/A","#N/A","#N/A","#N/A","#N/A","#N/A","#N/A","#N/A","#N/A","#N/A","#N/A","#N/A","#N/A","#N/A","#N/A","#N/A","#N/A","#N/A","#N/A","#N/A","#N/A","#N/A","#N/A","#N/A","#N/A","#N/A","#N/A","#N/A","#N/A","#N/A","#N/A","#N/A","#N/A","#N/A","#N/A","#N/A","#N/A","#N/A","#N/A","#N/A","#N/A","#N/A","#N/A","#N/A","#N/A","#N/A","#N/A","#N/A","#N/A","#N/A","#N/A","#N/A","#N/A","#N/A","#N/A","#N/A","#N/A","#N/A","#N/A","#N/A","#N/A","#N/A","#N/A","#N/A","#N/A","#N/A","#N/A","#N/A","#N/A","#N/A","#N/A","#N/A","#N/A","#N/A","#N/A","#N/A","#N/A","#N/A","#N/A","#N/A","#N/A","#N/A","#N/A","#N/A","#N/A","#N/A","#N/A","#N/A","#N/A","#N/A","#N/A","#N/A","#N/A","#N/A","#N/A","#N/A","#N/A","#N/A","#N/A","#N/A","#N/A","#N/A","#N/A","#N/A","#N/A","#N/A","#N/A","#N/A","#N/A","#N/A","#N/A","#N/A","#N/A","#N/A","#N/A","#N/A","#N/A","#N/A","#N/A","#N/A","#N/A","1096.3","1094.7","1094.7","1094.7","1094.7","1094.7","1186.0","1186.0","1208.0","1208.0","1208.0","1208.0","1211.8","1211.8","1211.8","1211.8","1211.8","1211.8","1211.8","1211.8","1211.8","1211.8","1211.8","1211.8","1211.8","1211.8","1211.8","1211.8","1498.1","1498.1","1498.1","1498.1","1498.1","1498.1","1498.1","1498.1","1498.1","1498.1","1498.1","1498.1","1498.1","1498.1","1498.1","1498.1","1799.8","1799.8","1799.8","1799.8","1799.8","1799.8","1799.8","1799.8"
"2002:Q3","#N/A","#N/A","#N/A","#N/A","#N/A","#N/A","#N/A","#N/A","#N/A","#N/A","#N/A","#N/A","#N/A","#N/A","#N/A","#N/A","#N/A","#N/A","#N/A","#N/A","#N/A","#N/A","#N/A","#N/A","#N/A","#N/A","#N/A","#N/A","#N/A","#N/A","#N/A","#N/A","#N/A","#N/A","#N/A","#N/A","#N/A","#N/A","#N/A","#N/A","#N/A","#N/A","#N/A","#N/A","#N/A","#N/A","#N/A","#N/A","#N/A","#N/A","#N/A","#N/A","#N/A","#N/A","#N/A","#N/A","#N/A","#N/A","#N/A","#N/A","#N/A","#N/A","#N/A","#N/A","#N/A","#N/A","#N/A","#N/A","#N/A","#N/A","#N/A","#N/A","#N/A","#N/A","#N/A","#N/A","#N/A","#N/A","#N/A","#N/A","#N/A","#N/A","#N/A","#N/A","#N/A","#N/A","#N/A","#N/A","#N/A","#N/A","#N/A","#N/A","#N/A","#N/A","#N/A","#N/A","#N/A","#N/A","#N/A","#N/A","#N/A","#N/A","#N/A","#N/A","#N/A","#N/A","#N/A","#N/A","#N/A","#N/A","#N/A","#N/A","#N/A","#N/A","#N/A","#N/A","#N/A","#N/A","#N/A","#N/A","#N/A","#N/A","#N/A","#N/A","#N/A","#N/A","#N/A","#N/A","#N/A","#N/A","#N/A","#N/A","#N/A","#N/A","#N/A","#N/A","#N/A","#N/A","#N/A","#N/A","#N/A","#N/A","#N/A","#N/A","#N/A","#N/A","#N/A","#N/A","1098.1","1100.6","1100.6","1100.6","1100.6","1190.9","1190.9","1213.1","1213.1","1213.1","1213.1","1217.5","1217.5","1217.5","1217.5","1217.5","1217.5","1217.5","1217.5","1217.5","1217.5","1217.5","1217.5","1217.5","1217.5","1217.5","1217.5","1504.2","1504.2","1504.2","1504.2","1504.2","1504.2","1504.2","1504.2","1504.2","1504.2","1504.2","1504.2","1504.2","1504.2","1504.2","1504.2","1805.9","1805.9","1805.9","1805.9","1805.9","1805.9","1805.9","1805.9"
"2002:Q4","#N/A","#N/A","#N/A","#N/A","#N/A","#N/A","#N/A","#N/A","#N/A","#N/A","#N/A","#N/A","#N/A","#N/A","#N/A","#N/A","#N/A","#N/A","#N/A","#N/A","#N/A","#N/A","#N/A","#N/A","#N/A","#N/A","#N/A","#N/A","#N/A","#N/A","#N/A","#N/A","#N/A","#N/A","#N/A","#N/A","#N/A","#N/A","#N/A","#N/A","#N/A","#N/A","#N/A","#N/A","#N/A","#N/A","#N/A","#N/A","#N/A","#N/A","#N/A","#N/A","#N/A","#N/A","#N/A","#N/A","#N/A","#N/A","#N/A","#N/A","#N/A","#N/A","#N/A","#N/A","#N/A","#N/A","#N/A","#N/A","#N/A","#N/A","#N/A","#N/A","#N/A","#N/A","#N/A","#N/A","#N/A","#N/A","#N/A","#N/A","#N/A","#N/A","#N/A","#N/A","#N/A","#N/A","#N/A","#N/A","#N/A","#N/A","#N/A","#N/A","#N/A","#N/A","#N/A","#N/A","#N/A","#N/A","#N/A","#N/A","#N/A","#N/A","#N/A","#N/A","#N/A","#N/A","#N/A","#N/A","#N/A","#N/A","#N/A","#N/A","#N/A","#N/A","#N/A","#N/A","#N/A","#N/A","#N/A","#N/A","#N/A","#N/A","#N/A","#N/A","#N/A","#N/A","#N/A","#N/A","#N/A","#N/A","#N/A","#N/A","#N/A","#N/A","#N/A","#N/A","#N/A","#N/A","#N/A","#N/A","#N/A","#N/A","#N/A","#N/A","#N/A","#N/A","#N/A","#N/A","#N/A","1105.3","1104.0","1104.0","1104.0","1195.3","1195.3","1217.3","1217.3","1217.3","1217.3","1223.6","1223.6","1223.6","1223.6","1223.6","1223.6","1223.6","1223.6","1223.6","1223.6","1223.6","1223.6","1223.6","1223.6","1223.6","1223.6","1506.3","1506.3","1506.3","1506.3","1506.3","1506.3","1506.3","1506.3","1506.3","1506.3","1506.3","1506.3","1506.3","1506.3","1506.3","1506.3","1807.9","1807.9","1807.9","1807.9","1807.9","1807.9","1807.9","1807.9"
"2003:Q1","#N/A","#N/A","#N/A","#N/A","#N/A","#N/A","#N/A","#N/A","#N/A","#N/A","#N/A","#N/A","#N/A","#N/A","#N/A","#N/A","#N/A","#N/A","#N/A","#N/A","#N/A","#N/A","#N/A","#N/A","#N/A","#N/A","#N/A","#N/A","#N/A","#N/A","#N/A","#N/A","#N/A","#N/A","#N/A","#N/A","#N/A","#N/A","#N/A","#N/A","#N/A","#N/A","#N/A","#N/A","#N/A","#N/A","#N/A","#N/A","#N/A","#N/A","#N/A","#N/A","#N/A","#N/A","#N/A","#N/A","#N/A","#N/A","#N/A","#N/A","#N/A","#N/A","#N/A","#N/A","#N/A","#N/A","#N/A","#N/A","#N/A","#N/A","#N/A","#N/A","#N/A","#N/A","#N/A","#N/A","#N/A","#N/A","#N/A","#N/A","#N/A","#N/A","#N/A","#N/A","#N/A","#N/A","#N/A","#N/A","#N/A","#N/A","#N/A","#N/A","#N/A","#N/A","#N/A","#N/A","#N/A","#N/A","#N/A","#N/A","#N/A","#N/A","#N/A","#N/A","#N/A","#N/A","#N/A","#N/A","#N/A","#N/A","#N/A","#N/A","#N/A","#N/A","#N/A","#N/A","#N/A","#N/A","#N/A","#N/A","#N/A","#N/A","#N/A","#N/A","#N/A","#N/A","#N/A","#N/A","#N/A","#N/A","#N/A","#N/A","#N/A","#N/A","#N/A","#N/A","#N/A","#N/A","#N/A","#N/A","#N/A","#N/A","#N/A","#N/A","#N/A","#N/A","#N/A","#N/A","#N/A","#N/A","1103.8","1104.6","1104.6","1193.8","1193.8","1217.7","1217.7","1217.7","1217.7","1221.6","1221.6","1221.6","1221.6","1216.9","1216.9","1216.9","1216.9","1216.9","1216.9","1216.9","1216.9","1216.9","1216.9","1216.9","1216.9","1501.2","1501.2","1501.2","1501.2","1501.2","1501.2","1501.2","1501.2","1501.2","1501.2","1501.2","1501.2","1501.2","1501.2","1501.2","1501.2","1798.5","1798.5","1798.5","1798.5","1798.5","1798.5","1798.5","1798.5"
"2003:Q2","#N/A","#N/A","#N/A","#N/A","#N/A","#N/A","#N/A","#N/A","#N/A","#N/A","#N/A","#N/A","#N/A","#N/A","#N/A","#N/A","#N/A","#N/A","#N/A","#N/A","#N/A","#N/A","#N/A","#N/A","#N/A","#N/A","#N/A","#N/A","#N/A","#N/A","#N/A","#N/A","#N/A","#N/A","#N/A","#N/A","#N/A","#N/A","#N/A","#N/A","#N/A","#N/A","#N/A","#N/A","#N/A","#N/A","#N/A","#N/A","#N/A","#N/A","#N/A","#N/A","#N/A","#N/A","#N/A","#N/A","#N/A","#N/A","#N/A","#N/A","#N/A","#N/A","#N/A","#N/A","#N/A","#N/A","#N/A","#N/A","#N/A","#N/A","#N/A","#N/A","#N/A","#N/A","#N/A","#N/A","#N/A","#N/A","#N/A","#N/A","#N/A","#N/A","#N/A","#N/A","#N/A","#N/A","#N/A","#N/A","#N/A","#N/A","#N/A","#N/A","#N/A","#N/A","#N/A","#N/A","#N/A","#N/A","#N/A","#N/A","#N/A","#N/A","#N/A","#N/A","#N/A","#N/A","#N/A","#N/A","#N/A","#N/A","#N/A","#N/A","#N/A","#N/A","#N/A","#N/A","#N/A","#N/A","#N/A","#N/A","#N/A","#N/A","#N/A","#N/A","#N/A","#N/A","#N/A","#N/A","#N/A","#N/A","#N/A","#N/A","#N/A","#N/A","#N/A","#N/A","#N/A","#N/A","#N/A","#N/A","#N/A","#N/A","#N/A","#N/A","#N/A","#N/A","#N/A","#N/A","#N/A","#N/A","#N/A","1100.5","1104.1","1191.4","1191.4","1216.3","1216.3","1216.3","1216.3","1220.7","1220.7","1220.7","1220.7","1214.4","1214.4","1214.4","1214.4","1214.4","1214.4","1214.4","1214.4","1214.4","1214.4","1214.4","1214.4","1496.6","1496.6","1496.6","1496.6","1496.6","1496.6","1496.6","1496.6","1496.6","1496.6","1496.6","1496.6","1496.6","1496.6","1496.6","1496.6","1791.7","1791.7","1791.7","1791.7","1791.7","1791.7","1791.7","1791.7"
"2003:Q3","#N/A","#N/A","#N/A","#N/A","#N/A","#N/A","#N/A","#N/A","#N/A","#N/A","#N/A","#N/A","#N/A","#N/A","#N/A","#N/A","#N/A","#N/A","#N/A","#N/A","#N/A","#N/A","#N/A","#N/A","#N/A","#N/A","#N/A","#N/A","#N/A","#N/A","#N/A","#N/A","#N/A","#N/A","#N/A","#N/A","#N/A","#N/A","#N/A","#N/A","#N/A","#N/A","#N/A","#N/A","#N/A","#N/A","#N/A","#N/A","#N/A","#N/A","#N/A","#N/A","#N/A","#N/A","#N/A","#N/A","#N/A","#N/A","#N/A","#N/A","#N/A","#N/A","#N/A","#N/A","#N/A","#N/A","#N/A","#N/A","#N/A","#N/A","#N/A","#N/A","#N/A","#N/A","#N/A","#N/A","#N/A","#N/A","#N/A","#N/A","#N/A","#N/A","#N/A","#N/A","#N/A","#N/A","#N/A","#N/A","#N/A","#N/A","#N/A","#N/A","#N/A","#N/A","#N/A","#N/A","#N/A","#N/A","#N/A","#N/A","#N/A","#N/A","#N/A","#N/A","#N/A","#N/A","#N/A","#N/A","#N/A","#N/A","#N/A","#N/A","#N/A","#N/A","#N/A","#N/A","#N/A","#N/A","#N/A","#N/A","#N/A","#N/A","#N/A","#N/A","#N/A","#N/A","#N/A","#N/A","#N/A","#N/A","#N/A","#N/A","#N/A","#N/A","#N/A","#N/A","#N/A","#N/A","#N/A","#N/A","#N/A","#N/A","#N/A","#N/A","#N/A","#N/A","#N/A","#N/A","#N/A","#N/A","#N/A","#N/A","1107.6","1197.4","1197.4","1222.9","1222.9","1222.9","1222.9","1226.8","1226.8","1226.8","1226.8","1220.8","1220.8","1220.8","1220.8","1220.8","1220.8","1220.8","1220.8","1220.8","1220.8","1220.8","1220.8","1502.7","1502.7","1502.7","1502.7","1502.7","1502.7","1502.7","1502.7","1502.7","1502.7","1502.7","1502.7","1502.7","1502.7","1502.7","1502.7","1798.0","1798.0","1798.0","1798.0","1798.0","1798.0","1798.0","1798.0"
"2003:Q4","#N/A","#N/A","#N/A","#N/A","#N/A","#N/A","#N/A","#N/A","#N/A","#N/A","#N/A","#N/A","#N/A","#N/A","#N/A","#N/A","#N/A","#N/A","#N/A","#N/A","#N/A","#N/A","#N/A","#N/A","#N/A","#N/A","#N/A","#N/A","#N/A","#N/A","#N/A","#N/A","#N/A","#N/A","#N/A","#N/A","#N/A","#N/A","#N/A","#N/A","#N/A","#N/A","#N/A","#N/A","#N/A","#N/A","#N/A","#N/A","#N/A","#N/A","#N/A","#N/A","#N/A","#N/A","#N/A","#N/A","#N/A","#N/A","#N/A","#N/A","#N/A","#N/A","#N/A","#N/A","#N/A","#N/A","#N/A","#N/A","#N/A","#N/A","#N/A","#N/A","#N/A","#N/A","#N/A","#N/A","#N/A","#N/A","#N/A","#N/A","#N/A","#N/A","#N/A","#N/A","#N/A","#N/A","#N/A","#N/A","#N/A","#N/A","#N/A","#N/A","#N/A","#N/A","#N/A","#N/A","#N/A","#N/A","#N/A","#N/A","#N/A","#N/A","#N/A","#N/A","#N/A","#N/A","#N/A","#N/A","#N/A","#N/A","#N/A","#N/A","#N/A","#N/A","#N/A","#N/A","#N/A","#N/A","#N/A","#N/A","#N/A","#N/A","#N/A","#N/A","#N/A","#N/A","#N/A","#N/A","#N/A","#N/A","#N/A","#N/A","#N/A","#N/A","#N/A","#N/A","#N/A","#N/A","#N/A","#N/A","#N/A","#N/A","#N/A","#N/A","#N/A","#N/A","#N/A","#N/A","#N/A","#N/A","#N/A","#N/A","#N/A","1200.2","1195.9","1222.5","1222.5","1222.5","1222.5","1224.1","1224.1","1224.1","1224.1","1219.0","1219.0","1219.0","1219.0","1219.0","1219.0","1219.0","1219.0","1219.0","1219.0","1219.0","1219.0","1498.2","1498.2","1498.2","1498.2","1498.2","1498.2","1498.2","1498.2","1498.2","1498.2","1498.2","1498.2","1498.2","1498.2","1498.2","1498.2","1793.0","1793.0","1793.0","1793.0","1793.0","1793.0","1793.0","1793.0"
"2004:Q1","#N/A","#N/A","#N/A","#N/A","#N/A","#N/A","#N/A","#N/A","#N/A","#N/A","#N/A","#N/A","#N/A","#N/A","#N/A","#N/A","#N/A","#N/A","#N/A","#N/A","#N/A","#N/A","#N/A","#N/A","#N/A","#N/A","#N/A","#N/A","#N/A","#N/A","#N/A","#N/A","#N/A","#N/A","#N/A","#N/A","#N/A","#N/A","#N/A","#N/A","#N/A","#N/A","#N/A","#N/A","#N/A","#N/A","#N/A","#N/A","#N/A","#N/A","#N/A","#N/A","#N/A","#N/A","#N/A","#N/A","#N/A","#N/A","#N/A","#N/A","#N/A","#N/A","#N/A","#N/A","#N/A","#N/A","#N/A","#N/A","#N/A","#N/A","#N/A","#N/A","#N/A","#N/A","#N/A","#N/A","#N/A","#N/A","#N/A","#N/A","#N/A","#N/A","#N/A","#N/A","#N/A","#N/A","#N/A","#N/A","#N/A","#N/A","#N/A","#N/A","#N/A","#N/A","#N/A","#N/A","#N/A","#N/A","#N/A","#N/A","#N/A","#N/A","#N/A","#N/A","#N/A","#N/A","#N/A","#N/A","#N/A","#N/A","#N/A","#N/A","#N/A","#N/A","#N/A","#N/A","#N/A","#N/A","#N/A","#N/A","#N/A","#N/A","#N/A","#N/A","#N/A","#N/A","#N/A","#N/A","#N/A","#N/A","#N/A","#N/A","#N/A","#N/A","#N/A","#N/A","#N/A","#N/A","#N/A","#N/A","#N/A","#N/A","#N/A","#N/A","#N/A","#N/A","#N/A","#N/A","#N/A","#N/A","#N/A","#N/A","#N/A","#N/A","1188.1","1222.4","1222.4","1222.4","1222.4","1221.8","1221.8","1221.8","1221.8","1220.4","1220.4","1220.4","1220.4","1215.9","1215.9","1215.9","1215.9","1215.9","1215.9","1215.9","1215.9","1498.4","1498.4","1498.4","1498.4","1498.4","1498.4","1498.4","1498.4","1498.4","1498.4","1498.4","1498.4","1498.4","1498.4","1498.4","1498.4","1793.3","1793.3","1793.3","1793.3","1793.3","1793.3","1793.3","1793.3"
"2004:Q2","#N/A","#N/A","#N/A","#N/A","#N/A","#N/A","#N/A","#N/A","#N/A","#N/A","#N/A","#N/A","#N/A","#N/A","#N/A","#N/A","#N/A","#N/A","#N/A","#N/A","#N/A","#N/A","#N/A","#N/A","#N/A","#N/A","#N/A","#N/A","#N/A","#N/A","#N/A","#N/A","#N/A","#N/A","#N/A","#N/A","#N/A","#N/A","#N/A","#N/A","#N/A","#N/A","#N/A","#N/A","#N/A","#N/A","#N/A","#N/A","#N/A","#N/A","#N/A","#N/A","#N/A","#N/A","#N/A","#N/A","#N/A","#N/A","#N/A","#N/A","#N/A","#N/A","#N/A","#N/A","#N/A","#N/A","#N/A","#N/A","#N/A","#N/A","#N/A","#N/A","#N/A","#N/A","#N/A","#N/A","#N/A","#N/A","#N/A","#N/A","#N/A","#N/A","#N/A","#N/A","#N/A","#N/A","#N/A","#N/A","#N/A","#N/A","#N/A","#N/A","#N/A","#N/A","#N/A","#N/A","#N/A","#N/A","#N/A","#N/A","#N/A","#N/A","#N/A","#N/A","#N/A","#N/A","#N/A","#N/A","#N/A","#N/A","#N/A","#N/A","#N/A","#N/A","#N/A","#N/A","#N/A","#N/A","#N/A","#N/A","#N/A","#N/A","#N/A","#N/A","#N/A","#N/A","#N/A","#N/A","#N/A","#N/A","#N/A","#N/A","#N/A","#N/A","#N/A","#N/A","#N/A","#N/A","#N/A","#N/A","#N/A","#N/A","#N/A","#N/A","#N/A","#N/A","#N/A","#N/A","#N/A","#N/A","#N/A","#N/A","#N/A","#N/A","#N/A","1228.7","1228.3","1228.3","1228.3","1227.1","1227.1","1227.1","1227.1","1226.8","1226.8","1226.8","1226.8","1218.1","1218.1","1218.1","1218.1","1218.1","1218.1","1218.1","1218.1","1502.2","1502.2","1502.2","1502.2","1502.2","1502.2","1502.2","1502.2","1502.2","1502.2","1502.2","1502.2","1502.2","1502.2","1502.2","1502.2","1799.0","1799.0","1799.0","1799.0","1799.0","1799.0","1799.0","1799.0"
"2004:Q3","#N/A","#N/A","#N/A","#N/A","#N/A","#N/A","#N/A","#N/A","#N/A","#N/A","#N/A","#N/A","#N/A","#N/A","#N/A","#N/A","#N/A","#N/A","#N/A","#N/A","#N/A","#N/A","#N/A","#N/A","#N/A","#N/A","#N/A","#N/A","#N/A","#N/A","#N/A","#N/A","#N/A","#N/A","#N/A","#N/A","#N/A","#N/A","#N/A","#N/A","#N/A","#N/A","#N/A","#N/A","#N/A","#N/A","#N/A","#N/A","#N/A","#N/A","#N/A","#N/A","#N/A","#N/A","#N/A","#N/A","#N/A","#N/A","#N/A","#N/A","#N/A","#N/A","#N/A","#N/A","#N/A","#N/A","#N/A","#N/A","#N/A","#N/A","#N/A","#N/A","#N/A","#N/A","#N/A","#N/A","#N/A","#N/A","#N/A","#N/A","#N/A","#N/A","#N/A","#N/A","#N/A","#N/A","#N/A","#N/A","#N/A","#N/A","#N/A","#N/A","#N/A","#N/A","#N/A","#N/A","#N/A","#N/A","#N/A","#N/A","#N/A","#N/A","#N/A","#N/A","#N/A","#N/A","#N/A","#N/A","#N/A","#N/A","#N/A","#N/A","#N/A","#N/A","#N/A","#N/A","#N/A","#N/A","#N/A","#N/A","#N/A","#N/A","#N/A","#N/A","#N/A","#N/A","#N/A","#N/A","#N/A","#N/A","#N/A","#N/A","#N/A","#N/A","#N/A","#N/A","#N/A","#N/A","#N/A","#N/A","#N/A","#N/A","#N/A","#N/A","#N/A","#N/A","#N/A","#N/A","#N/A","#N/A","#N/A","#N/A","#N/A","#N/A","#N/A","#N/A","1226.9","1223.2","1223.2","1229.6","1229.6","1229.6","1229.6","1224.1","1224.1","1224.1","1224.1","1214.7","1214.7","1214.7","1214.7","1214.7","1214.7","1214.7","1214.7","1495.7","1495.7","1495.7","1495.7","1495.7","1495.7","1495.7","1495.7","1495.7","1495.7","1495.7","1495.7","1495.7","1495.7","1495.7","1495.7","1791.0","1791.0","1791.0","1791.0","1791.0","1791.0","1791.0","1791.0"
"2004:Q4","#N/A","#N/A","#N/A","#N/A","#N/A","#N/A","#N/A","#N/A","#N/A","#N/A","#N/A","#N/A","#N/A","#N/A","#N/A","#N/A","#N/A","#N/A","#N/A","#N/A","#N/A","#N/A","#N/A","#N/A","#N/A","#N/A","#N/A","#N/A","#N/A","#N/A","#N/A","#N/A","#N/A","#N/A","#N/A","#N/A","#N/A","#N/A","#N/A","#N/A","#N/A","#N/A","#N/A","#N/A","#N/A","#N/A","#N/A","#N/A","#N/A","#N/A","#N/A","#N/A","#N/A","#N/A","#N/A","#N/A","#N/A","#N/A","#N/A","#N/A","#N/A","#N/A","#N/A","#N/A","#N/A","#N/A","#N/A","#N/A","#N/A","#N/A","#N/A","#N/A","#N/A","#N/A","#N/A","#N/A","#N/A","#N/A","#N/A","#N/A","#N/A","#N/A","#N/A","#N/A","#N/A","#N/A","#N/A","#N/A","#N/A","#N/A","#N/A","#N/A","#N/A","#N/A","#N/A","#N/A","#N/A","#N/A","#N/A","#N/A","#N/A","#N/A","#N/A","#N/A","#N/A","#N/A","#N/A","#N/A","#N/A","#N/A","#N/A","#N/A","#N/A","#N/A","#N/A","#N/A","#N/A","#N/A","#N/A","#N/A","#N/A","#N/A","#N/A","#N/A","#N/A","#N/A","#N/A","#N/A","#N/A","#N/A","#N/A","#N/A","#N/A","#N/A","#N/A","#N/A","#N/A","#N/A","#N/A","#N/A","#N/A","#N/A","#N/A","#N/A","#N/A","#N/A","#N/A","#N/A","#N/A","#N/A","#N/A","#N/A","#N/A","#N/A","#N/A","#N/A","#N/A","1224.9","1225.1","1235.0","1235.0","1235.0","1235.0","1224.3","1224.3","1224.3","1224.3","1214.4","1214.4","1214.4","1214.4","1214.4","1214.4","1214.4","1214.4","1492.0","1492.0","1492.0","1492.0","1492.0","1492.0","1492.0","1492.0","1492.0","1492.0","1492.0","1492.0","1492.0","1492.0","1492.0","1492.0","1787.7","1787.7","1787.7","1787.7","1787.7","1787.7","1787.7","1787.7"
"2005:Q1","#N/A","#N/A","#N/A","#N/A","#N/A","#N/A","#N/A","#N/A","#N/A","#N/A","#N/A","#N/A","#N/A","#N/A","#N/A","#N/A","#N/A","#N/A","#N/A","#N/A","#N/A","#N/A","#N/A","#N/A","#N/A","#N/A","#N/A","#N/A","#N/A","#N/A","#N/A","#N/A","#N/A","#N/A","#N/A","#N/A","#N/A","#N/A","#N/A","#N/A","#N/A","#N/A","#N/A","#N/A","#N/A","#N/A","#N/A","#N/A","#N/A","#N/A","#N/A","#N/A","#N/A","#N/A","#N/A","#N/A","#N/A","#N/A","#N/A","#N/A","#N/A","#N/A","#N/A","#N/A","#N/A","#N/A","#N/A","#N/A","#N/A","#N/A","#N/A","#N/A","#N/A","#N/A","#N/A","#N/A","#N/A","#N/A","#N/A","#N/A","#N/A","#N/A","#N/A","#N/A","#N/A","#N/A","#N/A","#N/A","#N/A","#N/A","#N/A","#N/A","#N/A","#N/A","#N/A","#N/A","#N/A","#N/A","#N/A","#N/A","#N/A","#N/A","#N/A","#N/A","#N/A","#N/A","#N/A","#N/A","#N/A","#N/A","#N/A","#N/A","#N/A","#N/A","#N/A","#N/A","#N/A","#N/A","#N/A","#N/A","#N/A","#N/A","#N/A","#N/A","#N/A","#N/A","#N/A","#N/A","#N/A","#N/A","#N/A","#N/A","#N/A","#N/A","#N/A","#N/A","#N/A","#N/A","#N/A","#N/A","#N/A","#N/A","#N/A","#N/A","#N/A","#N/A","#N/A","#N/A","#N/A","#N/A","#N/A","#N/A","#N/A","#N/A","#N/A","#N/A","#N/A","#N/A","1226.8","1239.8","1239.8","1239.8","1239.8","1226.3","1226.3","1226.3","1226.3","1215.7","1215.7","1215.7","1215.7","1211.4","1211.4","1211.4","1211.4","1490.7","1490.7","1490.7","1490.7","1490.7","1490.7","1490.7","1490.7","1490.7","1490.7","1490.7","1490.7","1490.7","1490.7","1490.7","1490.7","1787.6","1787.6","1787.6","1787.6","1787.6","1787.6","1787.6","1787.6"
"2005:Q2","#N/A","#N/A","#N/A","#N/A","#N/A","#N/A","#N/A","#N/A","#N/A","#N/A","#N/A","#N/A","#N/A","#N/A","#N/A","#N/A","#N/A","#N/A","#N/A","#N/A","#N/A","#N/A","#N/A","#N/A","#N/A","#N/A","#N/A","#N/A","#N/A","#N/A","#N/A","#N/A","#N/A","#N/A","#N/A","#N/A","#N/A","#N/A","#N/A","#N/A","#N/A","#N/A","#N/A","#N/A","#N/A","#N/A","#N/A","#N/A","#N/A","#N/A","#N/A","#N/A","#N/A","#N/A","#N/A","#N/A","#N/A","#N/A","#N/A","#N/A","#N/A","#N/A","#N/A","#N/A","#N/A","#N/A","#N/A","#N/A","#N/A","#N/A","#N/A","#N/A","#N/A","#N/A","#N/A","#N/A","#N/A","#N/A","#N/A","#N/A","#N/A","#N/A","#N/A","#N/A","#N/A","#N/A","#N/A","#N/A","#N/A","#N/A","#N/A","#N/A","#N/A","#N/A","#N/A","#N/A","#N/A","#N/A","#N/A","#N/A","#N/A","#N/A","#N/A","#N/A","#N/A","#N/A","#N/A","#N/A","#N/A","#N/A","#N/A","#N/A","#N/A","#N/A","#N/A","#N/A","#N/A","#N/A","#N/A","#N/A","#N/A","#N/A","#N/A","#N/A","#N/A","#N/A","#N/A","#N/A","#N/A","#N/A","#N/A","#N/A","#N/A","#N/A","#N/A","#N/A","#N/A","#N/A","#N/A","#N/A","#N/A","#N/A","#N/A","#N/A","#N/A","#N/A","#N/A","#N/A","#N/A","#N/A","#N/A","#N/A","#N/A","#N/A","#N/A","#N/A","#N/A","#N/A","#N/A","1247.2","1247.8","1247.8","1247.8","1230.9","1230.9","1230.9","1230.9","1220.1","1220.1","1220.1","1220.1","1213.8","1213.8","1213.8","1213.8","1492.4","1492.4","1492.4","1492.4","1492.4","1492.4","1492.4","1492.4","1492.4","1492.4","1492.4","1492.4","1492.4","1492.4","1492.4","1492.4","1790.2","1790.2","1790.2","1790.2","1790.2","1790.2","1790.2","1790.2"
"2005:Q3","#N/A","#N/A","#N/A","#N/A","#N/A","#N/A","#N/A","#N/A","#N/A","#N/A","#N/A","#N/A","#N/A","#N/A","#N/A","#N/A","#N/A","#N/A","#N/A","#N/A","#N/A","#N/A","#N/A","#N/A","#N/A","#N/A","#N/A","#N/A","#N/A","#N/A","#N/A","#N/A","#N/A","#N/A","#N/A","#N/A","#N/A","#N/A","#N/A","#N/A","#N/A","#N/A","#N/A","#N/A","#N/A","#N/A","#N/A","#N/A","#N/A","#N/A","#N/A","#N/A","#N/A","#N/A","#N/A","#N/A","#N/A","#N/A","#N/A","#N/A","#N/A","#N/A","#N/A","#N/A","#N/A","#N/A","#N/A","#N/A","#N/A","#N/A","#N/A","#N/A","#N/A","#N/A","#N/A","#N/A","#N/A","#N/A","#N/A","#N/A","#N/A","#N/A","#N/A","#N/A","#N/A","#N/A","#N/A","#N/A","#N/A","#N/A","#N/A","#N/A","#N/A","#N/A","#N/A","#N/A","#N/A","#N/A","#N/A","#N/A","#N/A","#N/A","#N/A","#N/A","#N/A","#N/A","#N/A","#N/A","#N/A","#N/A","#N/A","#N/A","#N/A","#N/A","#N/A","#N/A","#N/A","#N/A","#N/A","#N/A","#N/A","#N/A","#N/A","#N/A","#N/A","#N/A","#N/A","#N/A","#N/A","#N/A","#N/A","#N/A","#N/A","#N/A","#N/A","#N/A","#N/A","#N/A","#N/A","#N/A","#N/A","#N/A","#N/A","#N/A","#N/A","#N/A","#N/A","#N/A","#N/A","#N/A","#N/A","#N/A","#N/A","#N/A","#N/A","#N/A","#N/A","#N/A","#N/A","#N/A","1249.8","1248.5","1248.5","1230.5","1230.5","1230.5","1230.5","1220.3","1220.3","1220.3","1220.3","1213.6","1213.6","1213.6","1213.6","1493.5","1493.5","1493.5","1493.5","1493.5","1493.5","1493.5","1493.5","1493.5","1493.5","1493.5","1493.5","1493.5","1493.5","1493.5","1493.5","1792.9","1792.9","1792.9","1792.9","1792.9","1792.9","1792.9","1792.9"
"2005:Q4","#N/A","#N/A","#N/A","#N/A","#N/A","#N/A","#N/A","#N/A","#N/A","#N/A","#N/A","#N/A","#N/A","#N/A","#N/A","#N/A","#N/A","#N/A","#N/A","#N/A","#N/A","#N/A","#N/A","#N/A","#N/A","#N/A","#N/A","#N/A","#N/A","#N/A","#N/A","#N/A","#N/A","#N/A","#N/A","#N/A","#N/A","#N/A","#N/A","#N/A","#N/A","#N/A","#N/A","#N/A","#N/A","#N/A","#N/A","#N/A","#N/A","#N/A","#N/A","#N/A","#N/A","#N/A","#N/A","#N/A","#N/A","#N/A","#N/A","#N/A","#N/A","#N/A","#N/A","#N/A","#N/A","#N/A","#N/A","#N/A","#N/A","#N/A","#N/A","#N/A","#N/A","#N/A","#N/A","#N/A","#N/A","#N/A","#N/A","#N/A","#N/A","#N/A","#N/A","#N/A","#N/A","#N/A","#N/A","#N/A","#N/A","#N/A","#N/A","#N/A","#N/A","#N/A","#N/A","#N/A","#N/A","#N/A","#N/A","#N/A","#N/A","#N/A","#N/A","#N/A","#N/A","#N/A","#N/A","#N/A","#N/A","#N/A","#N/A","#N/A","#N/A","#N/A","#N/A","#N/A","#N/A","#N/A","#N/A","#N/A","#N/A","#N/A","#N/A","#N/A","#N/A","#N/A","#N/A","#N/A","#N/A","#N/A","#N/A","#N/A","#N/A","#N/A","#N/A","#N/A","#N/A","#N/A","#N/A","#N/A","#N/A","#N/A","#N/A","#N/A","#N/A","#N/A","#N/A","#N/A","#N/A","#N/A","#N/A","#N/A","#N/A","#N/A","#N/A","#N/A","#N/A","#N/A","#N/A","#N/A","#N/A","1249.8","1249.3","1233.7","1233.7","1233.7","1233.7","1222.5","1222.5","1222.5","1222.5","1218.5","1218.5","1218.5","1218.5","1497.7","1497.7","1497.7","1497.7","1497.7","1497.7","1497.7","1497.7","1497.7","1497.7","1497.7","1497.7","1497.7","1497.7","1497.7","1497.7","1798.6","1798.6","1798.6","1798.6","1798.6","1798.6","1798.6","1798.6"
"2006:Q1","#N/A","#N/A","#N/A","#N/A","#N/A","#N/A","#N/A","#N/A","#N/A","#N/A","#N/A","#N/A","#N/A","#N/A","#N/A","#N/A","#N/A","#N/A","#N/A","#N/A","#N/A","#N/A","#N/A","#N/A","#N/A","#N/A","#N/A","#N/A","#N/A","#N/A","#N/A","#N/A","#N/A","#N/A","#N/A","#N/A","#N/A","#N/A","#N/A","#N/A","#N/A","#N/A","#N/A","#N/A","#N/A","#N/A","#N/A","#N/A","#N/A","#N/A","#N/A","#N/A","#N/A","#N/A","#N/A","#N/A","#N/A","#N/A","#N/A","#N/A","#N/A","#N/A","#N/A","#N/A","#N/A","#N/A","#N/A","#N/A","#N/A","#N/A","#N/A","#N/A","#N/A","#N/A","#N/A","#N/A","#N/A","#N/A","#N/A","#N/A","#N/A","#N/A","#N/A","#N/A","#N/A","#N/A","#N/A","#N/A","#N/A","#N/A","#N/A","#N/A","#N/A","#N/A","#N/A","#N/A","#N/A","#N/A","#N/A","#N/A","#N/A","#N/A","#N/A","#N/A","#N/A","#N/A","#N/A","#N/A","#N/A","#N/A","#N/A","#N/A","#N/A","#N/A","#N/A","#N/A","#N/A","#N/A","#N/A","#N/A","#N/A","#N/A","#N/A","#N/A","#N/A","#N/A","#N/A","#N/A","#N/A","#N/A","#N/A","#N/A","#N/A","#N/A","#N/A","#N/A","#N/A","#N/A","#N/A","#N/A","#N/A","#N/A","#N/A","#N/A","#N/A","#N/A","#N/A","#N/A","#N/A","#N/A","#N/A","#N/A","#N/A","#N/A","#N/A","#N/A","#N/A","#N/A","#N/A","#N/A","#N/A","#N/A","1249.3","1242.0","1242.0","1242.0","1242.0","1231.3","1231.3","1231.3","1231.3","1219.9","1219.9","1219.9","1219.9","1496.6","1496.6","1496.6","1496.6","1496.6","1496.6","1496.6","1496.6","1496.6","1496.6","1496.6","1496.6","1496.6","1496.6","1496.6","1496.6","1794.9","1794.9","1794.9","1794.9","1794.9","1794.9","1794.9","1794.9"
"2006:Q2","#N/A","#N/A","#N/A","#N/A","#N/A","#N/A","#N/A","#N/A","#N/A","#N/A","#N/A","#N/A","#N/A","#N/A","#N/A","#N/A","#N/A","#N/A","#N/A","#N/A","#N/A","#N/A","#N/A","#N/A","#N/A","#N/A","#N/A","#N/A","#N/A","#N/A","#N/A","#N/A","#N/A","#N/A","#N/A","#N/A","#N/A","#N/A","#N/A","#N/A","#N/A","#N/A","#N/A","#N/A","#N/A","#N/A","#N/A","#N/A","#N/A","#N/A","#N/A","#N/A","#N/A","#N/A","#N/A","#N/A","#N/A","#N/A","#N/A","#N/A","#N/A","#N/A","#N/A","#N/A","#N/A","#N/A","#N/A","#N/A","#N/A","#N/A","#N/A","#N/A","#N/A","#N/A","#N/A","#N/A","#N/A","#N/A","#N/A","#N/A","#N/A","#N/A","#N/A","#N/A","#N/A","#N/A","#N/A","#N/A","#N/A","#N/A","#N/A","#N/A","#N/A","#N/A","#N/A","#N/A","#N/A","#N/A","#N/A","#N/A","#N/A","#N/A","#N/A","#N/A","#N/A","#N/A","#N/A","#N/A","#N/A","#N/A","#N/A","#N/A","#N/A","#N/A","#N/A","#N/A","#N/A","#N/A","#N/A","#N/A","#N/A","#N/A","#N/A","#N/A","#N/A","#N/A","#N/A","#N/A","#N/A","#N/A","#N/A","#N/A","#N/A","#N/A","#N/A","#N/A","#N/A","#N/A","#N/A","#N/A","#N/A","#N/A","#N/A","#N/A","#N/A","#N/A","#N/A","#N/A","#N/A","#N/A","#N/A","#N/A","#N/A","#N/A","#N/A","#N/A","#N/A","#N/A","#N/A","#N/A","#N/A","#N/A","#N/A","1251.1","1254.4","1254.4","1254.4","1238.9","1238.9","1238.9","1238.9","1228.8","1228.8","1228.8","1228.8","1506.3","1506.3","1506.3","1506.3","1506.3","1506.3","1506.3","1506.3","1506.3","1506.3","1506.3","1506.3","1506.3","1506.3","1506.3","1506.3","1806.9","1806.9","1806.9","1806.9","1806.9","1806.9","1806.9","1806.9"
"2006:Q3","#N/A","#N/A","#N/A","#N/A","#N/A","#N/A","#N/A","#N/A","#N/A","#N/A","#N/A","#N/A","#N/A","#N/A","#N/A","#N/A","#N/A","#N/A","#N/A","#N/A","#N/A","#N/A","#N/A","#N/A","#N/A","#N/A","#N/A","#N/A","#N/A","#N/A","#N/A","#N/A","#N/A","#N/A","#N/A","#N/A","#N/A","#N/A","#N/A","#N/A","#N/A","#N/A","#N/A","#N/A","#N/A","#N/A","#N/A","#N/A","#N/A","#N/A","#N/A","#N/A","#N/A","#N/A","#N/A","#N/A","#N/A","#N/A","#N/A","#N/A","#N/A","#N/A","#N/A","#N/A","#N/A","#N/A","#N/A","#N/A","#N/A","#N/A","#N/A","#N/A","#N/A","#N/A","#N/A","#N/A","#N/A","#N/A","#N/A","#N/A","#N/A","#N/A","#N/A","#N/A","#N/A","#N/A","#N/A","#N/A","#N/A","#N/A","#N/A","#N/A","#N/A","#N/A","#N/A","#N/A","#N/A","#N/A","#N/A","#N/A","#N/A","#N/A","#N/A","#N/A","#N/A","#N/A","#N/A","#N/A","#N/A","#N/A","#N/A","#N/A","#N/A","#N/A","#N/A","#N/A","#N/A","#N/A","#N/A","#N/A","#N/A","#N/A","#N/A","#N/A","#N/A","#N/A","#N/A","#N/A","#N/A","#N/A","#N/A","#N/A","#N/A","#N/A","#N/A","#N/A","#N/A","#N/A","#N/A","#N/A","#N/A","#N/A","#N/A","#N/A","#N/A","#N/A","#N/A","#N/A","#N/A","#N/A","#N/A","#N/A","#N/A","#N/A","#N/A","#N/A","#N/A","#N/A","#N/A","#N/A","#N/A","#N/A","#N/A","#N/A","1260.8","1260.3","1260.3","1240.9","1240.9","1240.9","1240.9","1233.7","1233.7","1233.7","1233.7","1510.8","1510.8","1510.8","1510.8","1510.8","1510.8","1510.8","1510.8","1510.8","1510.8","1510.8","1510.8","1510.8","1510.8","1510.8","1510.8","1813.0","1813.0","1813.0","1813.0","1813.0","1813.0","1813.0","1813.0"
"2006:Q4","#N/A","#N/A","#N/A","#N/A","#N/A","#N/A","#N/A","#N/A","#N/A","#N/A","#N/A","#N/A","#N/A","#N/A","#N/A","#N/A","#N/A","#N/A","#N/A","#N/A","#N/A","#N/A","#N/A","#N/A","#N/A","#N/A","#N/A","#N/A","#N/A","#N/A","#N/A","#N/A","#N/A","#N/A","#N/A","#N/A","#N/A","#N/A","#N/A","#N/A","#N/A","#N/A","#N/A","#N/A","#N/A","#N/A","#N/A","#N/A","#N/A","#N/A","#N/A","#N/A","#N/A","#N/A","#N/A","#N/A","#N/A","#N/A","#N/A","#N/A","#N/A","#N/A","#N/A","#N/A","#N/A","#N/A","#N/A","#N/A","#N/A","#N/A","#N/A","#N/A","#N/A","#N/A","#N/A","#N/A","#N/A","#N/A","#N/A","#N/A","#N/A","#N/A","#N/A","#N/A","#N/A","#N/A","#N/A","#N/A","#N/A","#N/A","#N/A","#N/A","#N/A","#N/A","#N/A","#N/A","#N/A","#N/A","#N/A","#N/A","#N/A","#N/A","#N/A","#N/A","#N/A","#N/A","#N/A","#N/A","#N/A","#N/A","#N/A","#N/A","#N/A","#N/A","#N/A","#N/A","#N/A","#N/A","#N/A","#N/A","#N/A","#N/A","#N/A","#N/A","#N/A","#N/A","#N/A","#N/A","#N/A","#N/A","#N/A","#N/A","#N/A","#N/A","#N/A","#N/A","#N/A","#N/A","#N/A","#N/A","#N/A","#N/A","#N/A","#N/A","#N/A","#N/A","#N/A","#N/A","#N/A","#N/A","#N/A","#N/A","#N/A","#N/A","#N/A","#N/A","#N/A","#N/A","#N/A","#N/A","#N/A","#N/A","#N/A","#N/A","#N/A","1270.5","1268.7","1244.9","1244.9","1244.9","1244.9","1238.2","1238.2","1238.2","1238.2","1515.0","1515.0","1515.0","1515.0","1515.0","1515.0","1515.0","1515.0","1515.0","1515.0","1515.0","1515.0","1515.0","1515.0","1515.0","1515.0","1820.6","1820.6","1820.6","1820.6","1820.6","1820.6","1820.6","1820.6"
"2007:Q1","#N/A","#N/A","#N/A","#N/A","#N/A","#N/A","#N/A","#N/A","#N/A","#N/A","#N/A","#N/A","#N/A","#N/A","#N/A","#N/A","#N/A","#N/A","#N/A","#N/A","#N/A","#N/A","#N/A","#N/A","#N/A","#N/A","#N/A","#N/A","#N/A","#N/A","#N/A","#N/A","#N/A","#N/A","#N/A","#N/A","#N/A","#N/A","#N/A","#N/A","#N/A","#N/A","#N/A","#N/A","#N/A","#N/A","#N/A","#N/A","#N/A","#N/A","#N/A","#N/A","#N/A","#N/A","#N/A","#N/A","#N/A","#N/A","#N/A","#N/A","#N/A","#N/A","#N/A","#N/A","#N/A","#N/A","#N/A","#N/A","#N/A","#N/A","#N/A","#N/A","#N/A","#N/A","#N/A","#N/A","#N/A","#N/A","#N/A","#N/A","#N/A","#N/A","#N/A","#N/A","#N/A","#N/A","#N/A","#N/A","#N/A","#N/A","#N/A","#N/A","#N/A","#N/A","#N/A","#N/A","#N/A","#N/A","#N/A","#N/A","#N/A","#N/A","#N/A","#N/A","#N/A","#N/A","#N/A","#N/A","#N/A","#N/A","#N/A","#N/A","#N/A","#N/A","#N/A","#N/A","#N/A","#N/A","#N/A","#N/A","#N/A","#N/A","#N/A","#N/A","#N/A","#N/A","#N/A","#N/A","#N/A","#N/A","#N/A","#N/A","#N/A","#N/A","#N/A","#N/A","#N/A","#N/A","#N/A","#N/A","#N/A","#N/A","#N/A","#N/A","#N/A","#N/A","#N/A","#N/A","#N/A","#N/A","#N/A","#N/A","#N/A","#N/A","#N/A","#N/A","#N/A","#N/A","#N/A","#N/A","#N/A","#N/A","#N/A","#N/A","#N/A","#N/A","1278.9","1254.2","1254.2","1254.2","1254.2","1249.3","1249.3","1249.3","1249.3","1526.5","1526.5","1526.5","1526.5","1522.9","1522.9","1522.9","1522.9","1522.9","1522.9","1522.9","1522.9","1522.9","1522.9","1522.9","1522.9","1829.0","1829.0","1829.0","1829.0","1829.0","1829.0","1829.0","1829.0"
"2007:Q2","#N/A","#N/A","#N/A","#N/A","#N/A","#N/A","#N/A","#N/A","#N/A","#N/A","#N/A","#N/A","#N/A","#N/A","#N/A","#N/A","#N/A","#N/A","#N/A","#N/A","#N/A","#N/A","#N/A","#N/A","#N/A","#N/A","#N/A","#N/A","#N/A","#N/A","#N/A","#N/A","#N/A","#N/A","#N/A","#N/A","#N/A","#N/A","#N/A","#N/A","#N/A","#N/A","#N/A","#N/A","#N/A","#N/A","#N/A","#N/A","#N/A","#N/A","#N/A","#N/A","#N/A","#N/A","#N/A","#N/A","#N/A","#N/A","#N/A","#N/A","#N/A","#N/A","#N/A","#N/A","#N/A","#N/A","#N/A","#N/A","#N/A","#N/A","#N/A","#N/A","#N/A","#N/A","#N/A","#N/A","#N/A","#N/A","#N/A","#N/A","#N/A","#N/A","#N/A","#N/A","#N/A","#N/A","#N/A","#N/A","#N/A","#N/A","#N/A","#N/A","#N/A","#N/A","#N/A","#N/A","#N/A","#N/A","#N/A","#N/A","#N/A","#N/A","#N/A","#N/A","#N/A","#N/A","#N/A","#N/A","#N/A","#N/A","#N/A","#N/A","#N/A","#N/A","#N/A","#N/A","#N/A","#N/A","#N/A","#N/A","#N/A","#N/A","#N/A","#N/A","#N/A","#N/A","#N/A","#N/A","#N/A","#N/A","#N/A","#N/A","#N/A","#N/A","#N/A","#N/A","#N/A","#N/A","#N/A","#N/A","#N/A","#N/A","#N/A","#N/A","#N/A","#N/A","#N/A","#N/A","#N/A","#N/A","#N/A","#N/A","#N/A","#N/A","#N/A","#N/A","#N/A","#N/A","#N/A","#N/A","#N/A","#N/A","#N/A","#N/A","#N/A","#N/A","#N/A","1263.1","1263.5","1263.5","1263.5","1256.6","1256.6","1256.6","1256.6","1536.5","1536.5","1536.5","1536.5","1527.8","1527.8","1527.8","1527.8","1527.8","1527.8","1527.8","1527.8","1527.8","1527.8","1527.8","1527.8","1836.4","1836.4","1836.4","1836.4","1836.4","1836.4","1836.4","1836.4"
"2007:Q3","#N/A","#N/A","#N/A","#N/A","#N/A","#N/A","#N/A","#N/A","#N/A","#N/A","#N/A","#N/A","#N/A","#N/A","#N/A","#N/A","#N/A","#N/A","#N/A","#N/A","#N/A","#N/A","#N/A","#N/A","#N/A","#N/A","#N/A","#N/A","#N/A","#N/A","#N/A","#N/A","#N/A","#N/A","#N/A","#N/A","#N/A","#N/A","#N/A","#N/A","#N/A","#N/A","#N/A","#N/A","#N/A","#N/A","#N/A","#N/A","#N/A","#N/A","#N/A","#N/A","#N/A","#N/A","#N/A","#N/A","#N/A","#N/A","#N/A","#N/A","#N/A","#N/A","#N/A","#N/A","#N/A","#N/A","#N/A","#N/A","#N/A","#N/A","#N/A","#N/A","#N/A","#N/A","#N/A","#N/A","#N/A","#N/A","#N/A","#N/A","#N/A","#N/A","#N/A","#N/A","#N/A","#N/A","#N/A","#N/A","#N/A","#N/A","#N/A","#N/A","#N/A","#N/A","#N/A","#N/A","#N/A","#N/A","#N/A","#N/A","#N/A","#N/A","#N/A","#N/A","#N/A","#N/A","#N/A","#N/A","#N/A","#N/A","#N/A","#N/A","#N/A","#N/A","#N/A","#N/A","#N/A","#N/A","#N/A","#N/A","#N/A","#N/A","#N/A","#N/A","#N/A","#N/A","#N/A","#N/A","#N/A","#N/A","#N/A","#N/A","#N/A","#N/A","#N/A","#N/A","#N/A","#N/A","#N/A","#N/A","#N/A","#N/A","#N/A","#N/A","#N/A","#N/A","#N/A","#N/A","#N/A","#N/A","#N/A","#N/A","#N/A","#N/A","#N/A","#N/A","#N/A","#N/A","#N/A","#N/A","#N/A","#N/A","#N/A","#N/A","#N/A","#N/A","#N/A","#N/A","1269.8","1269.6","1269.6","1262.6","1262.6","1262.6","1262.6","1540.0","1540.0","1540.0","1540.0","1528.4","1528.4","1528.4","1528.4","1528.4","1528.4","1528.4","1528.4","1528.4","1528.4","1528.4","1528.4","1836.7","1836.7","1836.7","1836.7","1836.7","1836.7","1836.7","1836.7"
"2007:Q4","#N/A","#N/A","#N/A","#N/A","#N/A","#N/A","#N/A","#N/A","#N/A","#N/A","#N/A","#N/A","#N/A","#N/A","#N/A","#N/A","#N/A","#N/A","#N/A","#N/A","#N/A","#N/A","#N/A","#N/A","#N/A","#N/A","#N/A","#N/A","#N/A","#N/A","#N/A","#N/A","#N/A","#N/A","#N/A","#N/A","#N/A","#N/A","#N/A","#N/A","#N/A","#N/A","#N/A","#N/A","#N/A","#N/A","#N/A","#N/A","#N/A","#N/A","#N/A","#N/A","#N/A","#N/A","#N/A","#N/A","#N/A","#N/A","#N/A","#N/A","#N/A","#N/A","#N/A","#N/A","#N/A","#N/A","#N/A","#N/A","#N/A","#N/A","#N/A","#N/A","#N/A","#N/A","#N/A","#N/A","#N/A","#N/A","#N/A","#N/A","#N/A","#N/A","#N/A","#N/A","#N/A","#N/A","#N/A","#N/A","#N/A","#N/A","#N/A","#N/A","#N/A","#N/A","#N/A","#N/A","#N/A","#N/A","#N/A","#N/A","#N/A","#N/A","#N/A","#N/A","#N/A","#N/A","#N/A","#N/A","#N/A","#N/A","#N/A","#N/A","#N/A","#N/A","#N/A","#N/A","#N/A","#N/A","#N/A","#N/A","#N/A","#N/A","#N/A","#N/A","#N/A","#N/A","#N/A","#N/A","#N/A","#N/A","#N/A","#N/A","#N/A","#N/A","#N/A","#N/A","#N/A","#N/A","#N/A","#N/A","#N/A","#N/A","#N/A","#N/A","#N/A","#N/A","#N/A","#N/A","#N/A","#N/A","#N/A","#N/A","#N/A","#N/A","#N/A","#N/A","#N/A","#N/A","#N/A","#N/A","#N/A","#N/A","#N/A","#N/A","#N/A","#N/A","#N/A","#N/A","#N/A","1282.0","1278.3","1267.5","1267.5","1267.5","1267.5","1543.7","1543.7","1543.7","1543.7","1533.3","1533.3","1533.3","1533.3","1533.3","1533.3","1533.3","1533.3","1533.3","1533.3","1533.3","1533.3","1842.5","1842.5","1842.5","1842.5","1842.5","1842.5","1842.5","1842.5"
"2008:Q1","#N/A","#N/A","#N/A","#N/A","#N/A","#N/A","#N/A","#N/A","#N/A","#N/A","#N/A","#N/A","#N/A","#N/A","#N/A","#N/A","#N/A","#N/A","#N/A","#N/A","#N/A","#N/A","#N/A","#N/A","#N/A","#N/A","#N/A","#N/A","#N/A","#N/A","#N/A","#N/A","#N/A","#N/A","#N/A","#N/A","#N/A","#N/A","#N/A","#N/A","#N/A","#N/A","#N/A","#N/A","#N/A","#N/A","#N/A","#N/A","#N/A","#N/A","#N/A","#N/A","#N/A","#N/A","#N/A","#N/A","#N/A","#N/A","#N/A","#N/A","#N/A","#N/A","#N/A","#N/A","#N/A","#N/A","#N/A","#N/A","#N/A","#N/A","#N/A","#N/A","#N/A","#N/A","#N/A","#N/A","#N/A","#N/A","#N/A","#N/A","#N/A","#N/A","#N/A","#N/A","#N/A","#N/A","#N/A","#N/A","#N/A","#N/A","#N/A","#N/A","#N/A","#N/A","#N/A","#N/A","#N/A","#N/A","#N/A","#N/A","#N/A","#N/A","#N/A","#N/A","#N/A","#N/A","#N/A","#N/A","#N/A","#N/A","#N/A","#N/A","#N/A","#N/A","#N/A","#N/A","#N/A","#N/A","#N/A","#N/A","#N/A","#N/A","#N/A","#N/A","#N/A","#N/A","#N/A","#N/A","#N/A","#N/A","#N/A","#N/A","#N/A","#N/A","#N/A","#N/A","#N/A","#N/A","#N/A","#N/A","#N/A","#N/A","#N/A","#N/A","#N/A","#N/A","#N/A","#N/A","#N/A","#N/A","#N/A","#N/A","#N/A","#N/A","#N/A","#N/A","#N/A","#N/A","#N/A","#N/A","#N/A","#N/A","#N/A","#N/A","#N/A","#N/A","#N/A","#N/A","#N/A","#N/A","1280.1","1266.7","1266.7","1266.7","1266.7","1541.9","1541.9","1541.9","1541.9","1532.2","1532.2","1532.2","1532.2","1530.9","1530.9","1530.9","1530.9","1530.9","1530.9","1530.9","1530.9","1836.9","1836.9","1836.9","1836.9","1836.9","1836.9","1836.9","1836.9"
"2008:Q2","#N/A","#N/A","#N/A","#N/A","#N/A","#N/A","#N/A","#N/A","#N/A","#N/A","#N/A","#N/A","#N/A","#N/A","#N/A","#N/A","#N/A","#N/A","#N/A","#N/A","#N/A","#N/A","#N/A","#N/A","#N/A","#N/A","#N/A","#N/A","#N/A","#N/A","#N/A","#N/A","#N/A","#N/A","#N/A","#N/A","#N/A","#N/A","#N/A","#N/A","#N/A","#N/A","#N/A","#N/A","#N/A","#N/A","#N/A","#N/A","#N/A","#N/A","#N/A","#N/A","#N/A","#N/A","#N/A","#N/A","#N/A","#N/A","#N/A","#N/A","#N/A","#N/A","#N/A","#N/A","#N/A","#N/A","#N/A","#N/A","#N/A","#N/A","#N/A","#N/A","#N/A","#N/A","#N/A","#N/A","#N/A","#N/A","#N/A","#N/A","#N/A","#N/A","#N/A","#N/A","#N/A","#N/A","#N/A","#N/A","#N/A","#N/A","#N/A","#N/A","#N/A","#N/A","#N/A","#N/A","#N/A","#N/A","#N/A","#N/A","#N/A","#N/A","#N/A","#N/A","#N/A","#N/A","#N/A","#N/A","#N/A","#N/A","#N/A","#N/A","#N/A","#N/A","#N/A","#N/A","#N/A","#N/A","#N/A","#N/A","#N/A","#N/A","#N/A","#N/A","#N/A","#N/A","#N/A","#N/A","#N/A","#N/A","#N/A","#N/A","#N/A","#N/A","#N/A","#N/A","#N/A","#N/A","#N/A","#N/A","#N/A","#N/A","#N/A","#N/A","#N/A","#N/A","#N/A","#N/A","#N/A","#N/A","#N/A","#N/A","#N/A","#N/A","#N/A","#N/A","#N/A","#N/A","#N/A","#N/A","#N/A","#N/A","#N/A","#N/A","#N/A","#N/A","#N/A","#N/A","#N/A","#N/A","#N/A","1271.7","1274.4","1274.4","1274.4","1546.6","1546.6","1546.6","1546.6","1535.1","1535.1","1535.1","1535.1","1530.5","1530.5","1530.5","1530.5","1530.5","1530.5","1530.5","1530.5","1839.3","1839.3","1839.3","1839.3","1839.3","1839.3","1839.3","1839.3"
"2008:Q3","#N/A","#N/A","#N/A","#N/A","#N/A","#N/A","#N/A","#N/A","#N/A","#N/A","#N/A","#N/A","#N/A","#N/A","#N/A","#N/A","#N/A","#N/A","#N/A","#N/A","#N/A","#N/A","#N/A","#N/A","#N/A","#N/A","#N/A","#N/A","#N/A","#N/A","#N/A","#N/A","#N/A","#N/A","#N/A","#N/A","#N/A","#N/A","#N/A","#N/A","#N/A","#N/A","#N/A","#N/A","#N/A","#N/A","#N/A","#N/A","#N/A","#N/A","#N/A","#N/A","#N/A","#N/A","#N/A","#N/A","#N/A","#N/A","#N/A","#N/A","#N/A","#N/A","#N/A","#N/A","#N/A","#N/A","#N/A","#N/A","#N/A","#N/A","#N/A","#N/A","#N/A","#N/A","#N/A","#N/A","#N/A","#N/A","#N/A","#N/A","#N/A","#N/A","#N/A","#N/A","#N/A","#N/A","#N/A","#N/A","#N/A","#N/A","#N/A","#N/A","#N/A","#N/A","#N/A","#N/A","#N/A","#N/A","#N/A","#N/A","#N/A","#N/A","#N/A","#N/A","#N/A","#N/A","#N/A","#N/A","#N/A","#N/A","#N/A","#N/A","#N/A","#N/A","#N/A","#N/A","#N/A","#N/A","#N/A","#N/A","#N/A","#N/A","#N/A","#N/A","#N/A","#N/A","#N/A","#N/A","#N/A","#N/A","#N/A","#N/A","#N/A","#N/A","#N/A","#N/A","#N/A","#N/A","#N/A","#N/A","#N/A","#N/A","#N/A","#N/A","#N/A","#N/A","#N/A","#N/A","#N/A","#N/A","#N/A","#N/A","#N/A","#N/A","#N/A","#N/A","#N/A","#N/A","#N/A","#N/A","#N/A","#N/A","#N/A","#N/A","#N/A","#N/A","#N/A","#N/A","#N/A","#N/A","#N/A","#N/A","1278.9","1278.7","1278.7","1547.0","1547.0","1547.0","1547.0","1536.2","1536.2","1536.2","1536.2","1530.8","1530.8","1530.8","1530.8","1530.8","1530.8","1530.8","1530.8","1847.1","1847.1","1847.1","1847.1","1847.1","1847.1","1847.1","1847.1"
"2008:Q4","#N/A","#N/A","#N/A","#N/A","#N/A","#N/A","#N/A","#N/A","#N/A","#N/A","#N/A","#N/A","#N/A","#N/A","#N/A","#N/A","#N/A","#N/A","#N/A","#N/A","#N/A","#N/A","#N/A","#N/A","#N/A","#N/A","#N/A","#N/A","#N/A","#N/A","#N/A","#N/A","#N/A","#N/A","#N/A","#N/A","#N/A","#N/A","#N/A","#N/A","#N/A","#N/A","#N/A","#N/A","#N/A","#N/A","#N/A","#N/A","#N/A","#N/A","#N/A","#N/A","#N/A","#N/A","#N/A","#N/A","#N/A","#N/A","#N/A","#N/A","#N/A","#N/A","#N/A","#N/A","#N/A","#N/A","#N/A","#N/A","#N/A","#N/A","#N/A","#N/A","#N/A","#N/A","#N/A","#N/A","#N/A","#N/A","#N/A","#N/A","#N/A","#N/A","#N/A","#N/A","#N/A","#N/A","#N/A","#N/A","#N/A","#N/A","#N/A","#N/A","#N/A","#N/A","#N/A","#N/A","#N/A","#N/A","#N/A","#N/A","#N/A","#N/A","#N/A","#N/A","#N/A","#N/A","#N/A","#N/A","#N/A","#N/A","#N/A","#N/A","#N/A","#N/A","#N/A","#N/A","#N/A","#N/A","#N/A","#N/A","#N/A","#N/A","#N/A","#N/A","#N/A","#N/A","#N/A","#N/A","#N/A","#N/A","#N/A","#N/A","#N/A","#N/A","#N/A","#N/A","#N/A","#N/A","#N/A","#N/A","#N/A","#N/A","#N/A","#N/A","#N/A","#N/A","#N/A","#N/A","#N/A","#N/A","#N/A","#N/A","#N/A","#N/A","#N/A","#N/A","#N/A","#N/A","#N/A","#N/A","#N/A","#N/A","#N/A","#N/A","#N/A","#N/A","#N/A","#N/A","#N/A","#N/A","#N/A","#N/A","#N/A","1277.2","1272.3","1539.3","1539.3","1539.3","1539.3","1526.8","1526.8","1526.8","1526.8","1520.1","1520.1","1520.1","1520.1","1520.1","1520.1","1520.1","1520.1","1846.6","1846.6","1846.6","1846.6","1846.6","1846.6","1846.6","1846.6"
"2009:Q1","#N/A","#N/A","#N/A","#N/A","#N/A","#N/A","#N/A","#N/A","#N/A","#N/A","#N/A","#N/A","#N/A","#N/A","#N/A","#N/A","#N/A","#N/A","#N/A","#N/A","#N/A","#N/A","#N/A","#N/A","#N/A","#N/A","#N/A","#N/A","#N/A","#N/A","#N/A","#N/A","#N/A","#N/A","#N/A","#N/A","#N/A","#N/A","#N/A","#N/A","#N/A","#N/A","#N/A","#N/A","#N/A","#N/A","#N/A","#N/A","#N/A","#N/A","#N/A","#N/A","#N/A","#N/A","#N/A","#N/A","#N/A","#N/A","#N/A","#N/A","#N/A","#N/A","#N/A","#N/A","#N/A","#N/A","#N/A","#N/A","#N/A","#N/A","#N/A","#N/A","#N/A","#N/A","#N/A","#N/A","#N/A","#N/A","#N/A","#N/A","#N/A","#N/A","#N/A","#N/A","#N/A","#N/A","#N/A","#N/A","#N/A","#N/A","#N/A","#N/A","#N/A","#N/A","#N/A","#N/A","#N/A","#N/A","#N/A","#N/A","#N/A","#N/A","#N/A","#N/A","#N/A","#N/A","#N/A","#N/A","#N/A","#N/A","#N/A","#N/A","#N/A","#N/A","#N/A","#N/A","#N/A","#N/A","#N/A","#N/A","#N/A","#N/A","#N/A","#N/A","#N/A","#N/A","#N/A","#N/A","#N/A","#N/A","#N/A","#N/A","#N/A","#N/A","#N/A","#N/A","#N/A","#N/A","#N/A","#N/A","#N/A","#N/A","#N/A","#N/A","#N/A","#N/A","#N/A","#N/A","#N/A","#N/A","#N/A","#N/A","#N/A","#N/A","#N/A","#N/A","#N/A","#N/A","#N/A","#N/A","#N/A","#N/A","#N/A","#N/A","#N/A","#N/A","#N/A","#N/A","#N/A","#N/A","#N/A","#N/A","#N/A","#N/A","1259.7","1533.3","1533.3","1533.3","1533.3","1520.1","1520.1","1520.1","1520.1","1517.2","1517.2","1517.2","1517.2","1538.3","1538.3","1538.3","1538.3","1860.4","1860.4","1860.4","1860.4","1860.4","1860.4","1860.4","1860.4"
"2009:Q2","#N/A","#N/A","#N/A","#N/A","#N/A","#N/A","#N/A","#N/A","#N/A","#N/A","#N/A","#N/A","#N/A","#N/A","#N/A","#N/A","#N/A","#N/A","#N/A","#N/A","#N/A","#N/A","#N/A","#N/A","#N/A","#N/A","#N/A","#N/A","#N/A","#N/A","#N/A","#N/A","#N/A","#N/A","#N/A","#N/A","#N/A","#N/A","#N/A","#N/A","#N/A","#N/A","#N/A","#N/A","#N/A","#N/A","#N/A","#N/A","#N/A","#N/A","#N/A","#N/A","#N/A","#N/A","#N/A","#N/A","#N/A","#N/A","#N/A","#N/A","#N/A","#N/A","#N/A","#N/A","#N/A","#N/A","#N/A","#N/A","#N/A","#N/A","#N/A","#N/A","#N/A","#N/A","#N/A","#N/A","#N/A","#N/A","#N/A","#N/A","#N/A","#N/A","#N/A","#N/A","#N/A","#N/A","#N/A","#N/A","#N/A","#N/A","#N/A","#N/A","#N/A","#N/A","#N/A","#N/A","#N/A","#N/A","#N/A","#N/A","#N/A","#N/A","#N/A","#N/A","#N/A","#N/A","#N/A","#N/A","#N/A","#N/A","#N/A","#N/A","#N/A","#N/A","#N/A","#N/A","#N/A","#N/A","#N/A","#N/A","#N/A","#N/A","#N/A","#N/A","#N/A","#N/A","#N/A","#N/A","#N/A","#N/A","#N/A","#N/A","#N/A","#N/A","#N/A","#N/A","#N/A","#N/A","#N/A","#N/A","#N/A","#N/A","#N/A","#N/A","#N/A","#N/A","#N/A","#N/A","#N/A","#N/A","#N/A","#N/A","#N/A","#N/A","#N/A","#N/A","#N/A","#N/A","#N/A","#N/A","#N/A","#N/A","#N/A","#N/A","#N/A","#N/A","#N/A","#N/A","#N/A","#N/A","#N/A","#N/A","#N/A","#N/A","#N/A","1542.6","1548.0","1548.0","1548.0","1523.8","1523.8","1523.8","1523.8","1520.7","1520.7","1520.7","1520.7","1565.2","1565.2","1565.2","1565.2","1877.1","1877.1","1877.1","1877.1","1877.1","1877.1","1877.1","1877.1"
"2009:Q3","#N/A","#N/A","#N/A","#N/A","#N/A","#N/A","#N/A","#N/A","#N/A","#N/A","#N/A","#N/A","#N/A","#N/A","#N/A","#N/A","#N/A","#N/A","#N/A","#N/A","#N/A","#N/A","#N/A","#N/A","#N/A","#N/A","#N/A","#N/A","#N/A","#N/A","#N/A","#N/A","#N/A","#N/A","#N/A","#N/A","#N/A","#N/A","#N/A","#N/A","#N/A","#N/A","#N/A","#N/A","#N/A","#N/A","#N/A","#N/A","#N/A","#N/A","#N/A","#N/A","#N/A","#N/A","#N/A","#N/A","#N/A","#N/A","#N/A","#N/A","#N/A","#N/A","#N/A","#N/A","#N/A","#N/A","#N/A","#N/A","#N/A","#N/A","#N/A","#N/A","#N/A","#N/A","#N/A","#N/A","#N/A","#N/A","#N/A","#N/A","#N/A","#N/A","#N/A","#N/A","#N/A","#N/A","#N/A","#N/A","#N/A","#N/A","#N/A","#N/A","#N/A","#N/A","#N/A","#N/A","#N/A","#N/A","#N/A","#N/A","#N/A","#N/A","#N/A","#N/A","#N/A","#N/A","#N/A","#N/A","#N/A","#N/A","#N/A","#N/A","#N/A","#N/A","#N/A","#N/A","#N/A","#N/A","#N/A","#N/A","#N/A","#N/A","#N/A","#N/A","#N/A","#N/A","#N/A","#N/A","#N/A","#N/A","#N/A","#N/A","#N/A","#N/A","#N/A","#N/A","#N/A","#N/A","#N/A","#N/A","#N/A","#N/A","#N/A","#N/A","#N/A","#N/A","#N/A","#N/A","#N/A","#N/A","#N/A","#N/A","#N/A","#N/A","#N/A","#N/A","#N/A","#N/A","#N/A","#N/A","#N/A","#N/A","#N/A","#N/A","#N/A","#N/A","#N/A","#N/A","#N/A","#N/A","#N/A","#N/A","#N/A","#N/A","#N/A","#N/A","1543.7","1545.5","1545.5","1520.0","1520.0","1520.0","1520.0","1514.9","1514.9","1514.9","1514.9","1573.6","1573.6","1573.6","1573.6","1877.4","1877.4","1877.4","1877.4","1877.4","1877.4","1877.4","1877.4"
"2009:Q4","#N/A","#N/A","#N/A","#N/A","#N/A","#N/A","#N/A","#N/A","#N/A","#N/A","#N/A","#N/A","#N/A","#N/A","#N/A","#N/A","#N/A","#N/A","#N/A","#N/A","#N/A","#N/A","#N/A","#N/A","#N/A","#N/A","#N/A","#N/A","#N/A","#N/A","#N/A","#N/A","#N/A","#N/A","#N/A","#N/A","#N/A","#N/A","#N/A","#N/A","#N/A","#N/A","#N/A","#N/A","#N/A","#N/A","#N/A","#N/A","#N/A","#N/A","#N/A","#N/A","#N/A","#N/A","#N/A","#N/A","#N/A","#N/A","#N/A","#N/A","#N/A","#N/A","#N/A","#N/A","#N/A","#N/A","#N/A","#N/A","#N/A","#N/A","#N/A","#N/A","#N/A","#N/A","#N/A","#N/A","#N/A","#N/A","#N/A","#N/A","#N/A","#N/A","#N/A","#N/A","#N/A","#N/A","#N/A","#N/A","#N/A","#N/A","#N/A","#N/A","#N/A","#N/A","#N/A","#N/A","#N/A","#N/A","#N/A","#N/A","#N/A","#N/A","#N/A","#N/A","#N/A","#N/A","#N/A","#N/A","#N/A","#N/A","#N/A","#N/A","#N/A","#N/A","#N/A","#N/A","#N/A","#N/A","#N/A","#N/A","#N/A","#N/A","#N/A","#N/A","#N/A","#N/A","#N/A","#N/A","#N/A","#N/A","#N/A","#N/A","#N/A","#N/A","#N/A","#N/A","#N/A","#N/A","#N/A","#N/A","#N/A","#N/A","#N/A","#N/A","#N/A","#N/A","#N/A","#N/A","#N/A","#N/A","#N/A","#N/A","#N/A","#N/A","#N/A","#N/A","#N/A","#N/A","#N/A","#N/A","#N/A","#N/A","#N/A","#N/A","#N/A","#N/A","#N/A","#N/A","#N/A","#N/A","#N/A","#N/A","#N/A","#N/A","#N/A","#N/A","#N/A","1544.3","1537.0","1511.2","1511.2","1511.2","1511.2","1503.9","1503.9","1503.9","1503.9","1570.2","1570.2","1570.2","1570.2","1870.6","1870.6","1870.6","1870.6","1870.6","1870.6","1870.6","1870.6"
"2010:Q1","#N/A","#N/A","#N/A","#N/A","#N/A","#N/A","#N/A","#N/A","#N/A","#N/A","#N/A","#N/A","#N/A","#N/A","#N/A","#N/A","#N/A","#N/A","#N/A","#N/A","#N/A","#N/A","#N/A","#N/A","#N/A","#N/A","#N/A","#N/A","#N/A","#N/A","#N/A","#N/A","#N/A","#N/A","#N/A","#N/A","#N/A","#N/A","#N/A","#N/A","#N/A","#N/A","#N/A","#N/A","#N/A","#N/A","#N/A","#N/A","#N/A","#N/A","#N/A","#N/A","#N/A","#N/A","#N/A","#N/A","#N/A","#N/A","#N/A","#N/A","#N/A","#N/A","#N/A","#N/A","#N/A","#N/A","#N/A","#N/A","#N/A","#N/A","#N/A","#N/A","#N/A","#N/A","#N/A","#N/A","#N/A","#N/A","#N/A","#N/A","#N/A","#N/A","#N/A","#N/A","#N/A","#N/A","#N/A","#N/A","#N/A","#N/A","#N/A","#N/A","#N/A","#N/A","#N/A","#N/A","#N/A","#N/A","#N/A","#N/A","#N/A","#N/A","#N/A","#N/A","#N/A","#N/A","#N/A","#N/A","#N/A","#N/A","#N/A","#N/A","#N/A","#N/A","#N/A","#N/A","#N/A","#N/A","#N/A","#N/A","#N/A","#N/A","#N/A","#N/A","#N/A","#N/A","#N/A","#N/A","#N/A","#N/A","#N/A","#N/A","#N/A","#N/A","#N/A","#N/A","#N/A","#N/A","#N/A","#N/A","#N/A","#N/A","#N/A","#N/A","#N/A","#N/A","#N/A","#N/A","#N/A","#N/A","#N/A","#N/A","#N/A","#N/A","#N/A","#N/A","#N/A","#N/A","#N/A","#N/A","#N/A","#N/A","#N/A","#N/A","#N/A","#N/A","#N/A","#N/A","#N/A","#N/A","#N/A","#N/A","#N/A","#N/A","#N/A","#N/A","#N/A","#N/A","1522.1","1496.8","1496.8","1496.8","1496.8","1489.2","1489.2","1489.2","1489.2","1548.3","1548.3","1548.3","1548.3","1836.5","1836.5","1836.5","1836.5","1836.5","1836.5","1836.5","1836.5"
"2010:Q2","#N/A","#N/A","#N/A","#N/A","#N/A","#N/A","#N/A","#N/A","#N/A","#N/A","#N/A","#N/A","#N/A","#N/A","#N/A","#N/A","#N/A","#N/A","#N/A","#N/A","#N/A","#N/A","#N/A","#N/A","#N/A","#N/A","#N/A","#N/A","#N/A","#N/A","#N/A","#N/A","#N/A","#N/A","#N/A","#N/A","#N/A","#N/A","#N/A","#N/A","#N/A","#N/A","#N/A","#N/A","#N/A","#N/A","#N/A","#N/A","#N/A","#N/A","#N/A","#N/A","#N/A","#N/A","#N/A","#N/A","#N/A","#N/A","#N/A","#N/A","#N/A","#N/A","#N/A","#N/A","#N/A","#N/A","#N/A","#N/A","#N/A","#N/A","#N/A","#N/A","#N/A","#N/A","#N/A","#N/A","#N/A","#N/A","#N/A","#N/A","#N/A","#N/A","#N/A","#N/A","#N/A","#N/A","#N/A","#N/A","#N/A","#N/A","#N/A","#N/A","#N/A","#N/A","#N/A","#N/A","#N/A","#N/A","#N/A","#N/A","#N/A","#N/A","#N/A","#N/A","#N/A","#N/A","#N/A","#N/A","#N/A","#N/A","#N/A","#N/A","#N/A","#N/A","#N/A","#N/A","#N/A","#N/A","#N/A","#N/A","#N/A","#N/A","#N/A","#N/A","#N/A","#N/A","#N/A","#N/A","#N/A","#N/A","#N/A","#N/A","#N/A","#N/A","#N/A","#N/A","#N/A","#N/A","#N/A","#N/A","#N/A","#N/A","#N/A","#N/A","#N/A","#N/A","#N/A","#N/A","#N/A","#N/A","#N/A","#N/A","#N/A","#N/A","#N/A","#N/A","#N/A","#N/A","#N/A","#N/A","#N/A","#N/A","#N/A","#N/A","#N/A","#N/A","#N/A","#N/A","#N/A","#N/A","#N/A","#N/A","#N/A","#N/A","#N/A","#N/A","#N/A","#N/A","#N/A","1501.5","1499.1","1499.1","1499.1","1490.8","1490.8","1490.8","1490.8","1542.7","1542.7","1542.7","1542.7","1832.8","1832.8","1832.8","1832.8","1832.8","1832.8","1832.8","1832.8"
"2010:Q3","#N/A","#N/A","#N/A","#N/A","#N/A","#N/A","#N/A","#N/A","#N/A","#N/A","#N/A","#N/A","#N/A","#N/A","#N/A","#N/A","#N/A","#N/A","#N/A","#N/A","#N/A","#N/A","#N/A","#N/A","#N/A","#N/A","#N/A","#N/A","#N/A","#N/A","#N/A","#N/A","#N/A","#N/A","#N/A","#N/A","#N/A","#N/A","#N/A","#N/A","#N/A","#N/A","#N/A","#N/A","#N/A","#N/A","#N/A","#N/A","#N/A","#N/A","#N/A","#N/A","#N/A","#N/A","#N/A","#N/A","#N/A","#N/A","#N/A","#N/A","#N/A","#N/A","#N/A","#N/A","#N/A","#N/A","#N/A","#N/A","#N/A","#N/A","#N/A","#N/A","#N/A","#N/A","#N/A","#N/A","#N/A","#N/A","#N/A","#N/A","#N/A","#N/A","#N/A","#N/A","#N/A","#N/A","#N/A","#N/A","#N/A","#N/A","#N/A","#N/A","#N/A","#N/A","#N/A","#N/A","#N/A","#N/A","#N/A","#N/A","#N/A","#N/A","#N/A","#N/A","#N/A","#N/A","#N/A","#N/A","#N/A","#N/A","#N/A","#N/A","#N/A","#N/A","#N/A","#N/A","#N/A","#N/A","#N/A","#N/A","#N/A","#N/A","#N/A","#N/A","#N/A","#N/A","#N/A","#N/A","#N/A","#N/A","#N/A","#N/A","#N/A","#N/A","#N/A","#N/A","#N/A","#N/A","#N/A","#N/A","#N/A","#N/A","#N/A","#N/A","#N/A","#N/A","#N/A","#N/A","#N/A","#N/A","#N/A","#N/A","#N/A","#N/A","#N/A","#N/A","#N/A","#N/A","#N/A","#N/A","#N/A","#N/A","#N/A","#N/A","#N/A","#N/A","#N/A","#N/A","#N/A","#N/A","#N/A","#N/A","#N/A","#N/A","#N/A","#N/A","#N/A","#N/A","#N/A","#N/A","1498.2","1501.7","1501.7","1488.9","1488.9","1488.9","1488.9","1531.6","1531.6","1531.6","1531.6","1818.5","1818.5","1818.5","1818.5","1818.5","1818.5","1818.5","1818.5"
"2010:Q4","#N/A","#N/A","#N/A","#N/A","#N/A","#N/A","#N/A","#N/A","#N/A","#N/A","#N/A","#N/A","#N/A","#N/A","#N/A","#N/A","#N/A","#N/A","#N/A","#N/A","#N/A","#N/A","#N/A","#N/A","#N/A","#N/A","#N/A","#N/A","#N/A","#N/A","#N/A","#N/A","#N/A","#N/A","#N/A","#N/A","#N/A","#N/A","#N/A","#N/A","#N/A","#N/A","#N/A","#N/A","#N/A","#N/A","#N/A","#N/A","#N/A","#N/A","#N/A","#N/A","#N/A","#N/A","#N/A","#N/A","#N/A","#N/A","#N/A","#N/A","#N/A","#N/A","#N/A","#N/A","#N/A","#N/A","#N/A","#N/A","#N/A","#N/A","#N/A","#N/A","#N/A","#N/A","#N/A","#N/A","#N/A","#N/A","#N/A","#N/A","#N/A","#N/A","#N/A","#N/A","#N/A","#N/A","#N/A","#N/A","#N/A","#N/A","#N/A","#N/A","#N/A","#N/A","#N/A","#N/A","#N/A","#N/A","#N/A","#N/A","#N/A","#N/A","#N/A","#N/A","#N/A","#N/A","#N/A","#N/A","#N/A","#N/A","#N/A","#N/A","#N/A","#N/A","#N/A","#N/A","#N/A","#N/A","#N/A","#N/A","#N/A","#N/A","#N/A","#N/A","#N/A","#N/A","#N/A","#N/A","#N/A","#N/A","#N/A","#N/A","#N/A","#N/A","#N/A","#N/A","#N/A","#N/A","#N/A","#N/A","#N/A","#N/A","#N/A","#N/A","#N/A","#N/A","#N/A","#N/A","#N/A","#N/A","#N/A","#N/A","#N/A","#N/A","#N/A","#N/A","#N/A","#N/A","#N/A","#N/A","#N/A","#N/A","#N/A","#N/A","#N/A","#N/A","#N/A","#N/A","#N/A","#N/A","#N/A","#N/A","#N/A","#N/A","#N/A","#N/A","#N/A","#N/A","#N/A","#N/A","#N/A","1498.4","1491.9","1478.9","1478.9","1478.9","1478.9","1513.6","1513.6","1513.6","1513.6","1795.2","1795.2","1795.2","1795.2","1795.2","1795.2","1795.2","1795.2"
"2011:Q1","#N/A","#N/A","#N/A","#N/A","#N/A","#N/A","#N/A","#N/A","#N/A","#N/A","#N/A","#N/A","#N/A","#N/A","#N/A","#N/A","#N/A","#N/A","#N/A","#N/A","#N/A","#N/A","#N/A","#N/A","#N/A","#N/A","#N/A","#N/A","#N/A","#N/A","#N/A","#N/A","#N/A","#N/A","#N/A","#N/A","#N/A","#N/A","#N/A","#N/A","#N/A","#N/A","#N/A","#N/A","#N/A","#N/A","#N/A","#N/A","#N/A","#N/A","#N/A","#N/A","#N/A","#N/A","#N/A","#N/A","#N/A","#N/A","#N/A","#N/A","#N/A","#N/A","#N/A","#N/A","#N/A","#N/A","#N/A","#N/A","#N/A","#N/A","#N/A","#N/A","#N/A","#N/A","#N/A","#N/A","#N/A","#N/A","#N/A","#N/A","#N/A","#N/A","#N/A","#N/A","#N/A","#N/A","#N/A","#N/A","#N/A","#N/A","#N/A","#N/A","#N/A","#N/A","#N/A","#N/A","#N/A","#N/A","#N/A","#N/A","#N/A","#N/A","#N/A","#N/A","#N/A","#N/A","#N/A","#N/A","#N/A","#N/A","#N/A","#N/A","#N/A","#N/A","#N/A","#N/A","#N/A","#N/A","#N/A","#N/A","#N/A","#N/A","#N/A","#N/A","#N/A","#N/A","#N/A","#N/A","#N/A","#N/A","#N/A","#N/A","#N/A","#N/A","#N/A","#N/A","#N/A","#N/A","#N/A","#N/A","#N/A","#N/A","#N/A","#N/A","#N/A","#N/A","#N/A","#N/A","#N/A","#N/A","#N/A","#N/A","#N/A","#N/A","#N/A","#N/A","#N/A","#N/A","#N/A","#N/A","#N/A","#N/A","#N/A","#N/A","#N/A","#N/A","#N/A","#N/A","#N/A","#N/A","#N/A","#N/A","#N/A","#N/A","#N/A","#N/A","#N/A","#N/A","#N/A","#N/A","#N/A","#N/A","1479.3","1466.4","1466.4","1466.4","1466.4","1495.3","1495.3","1495.3","1495.3","1770.5","1770.5","1770.5","1770.5","1771.1","1771.1","1771.1","1771.1"
"2011:Q2","#N/A","#N/A","#N/A","#N/A","#N/A","#N/A","#N/A","#N/A","#N/A","#N/A","#N/A","#N/A","#N/A","#N/A","#N/A","#N/A","#N/A","#N/A","#N/A","#N/A","#N/A","#N/A","#N/A","#N/A","#N/A","#N/A","#N/A","#N/A","#N/A","#N/A","#N/A","#N/A","#N/A","#N/A","#N/A","#N/A","#N/A","#N/A","#N/A","#N/A","#N/A","#N/A","#N/A","#N/A","#N/A","#N/A","#N/A","#N/A","#N/A","#N/A","#N/A","#N/A","#N/A","#N/A","#N/A","#N/A","#N/A","#N/A","#N/A","#N/A","#N/A","#N/A","#N/A","#N/A","#N/A","#N/A","#N/A","#N/A","#N/A","#N/A","#N/A","#N/A","#N/A","#N/A","#N/A","#N/A","#N/A","#N/A","#N/A","#N/A","#N/A","#N/A","#N/A","#N/A","#N/A","#N/A","#N/A","#N/A","#N/A","#N/A","#N/A","#N/A","#N/A","#N/A","#N/A","#N/A","#N/A","#N/A","#N/A","#N/A","#N/A","#N/A","#N/A","#N/A","#N/A","#N/A","#N/A","#N/A","#N/A","#N/A","#N/A","#N/A","#N/A","#N/A","#N/A","#N/A","#N/A","#N/A","#N/A","#N/A","#N/A","#N/A","#N/A","#N/A","#N/A","#N/A","#N/A","#N/A","#N/A","#N/A","#N/A","#N/A","#N/A","#N/A","#N/A","#N/A","#N/A","#N/A","#N/A","#N/A","#N/A","#N/A","#N/A","#N/A","#N/A","#N/A","#N/A","#N/A","#N/A","#N/A","#N/A","#N/A","#N/A","#N/A","#N/A","#N/A","#N/A","#N/A","#N/A","#N/A","#N/A","#N/A","#N/A","#N/A","#N/A","#N/A","#N/A","#N/A","#N/A","#N/A","#N/A","#N/A","#N/A","#N/A","#N/A","#N/A","#N/A","#N/A","#N/A","#N/A","#N/A","#N/A","#N/A","1453.9","1456.1","1456.1","1456.1","1483.4","1483.4","1483.4","1483.4","1755.5","1755.5","1755.5","1755.5","1763.0","1763.0","1763.0","1763.0"
"2011:Q3","#N/A","#N/A","#N/A","#N/A","#N/A","#N/A","#N/A","#N/A","#N/A","#N/A","#N/A","#N/A","#N/A","#N/A","#N/A","#N/A","#N/A","#N/A","#N/A","#N/A","#N/A","#N/A","#N/A","#N/A","#N/A","#N/A","#N/A","#N/A","#N/A","#N/A","#N/A","#N/A","#N/A","#N/A","#N/A","#N/A","#N/A","#N/A","#N/A","#N/A","#N/A","#N/A","#N/A","#N/A","#N/A","#N/A","#N/A","#N/A","#N/A","#N/A","#N/A","#N/A","#N/A","#N/A","#N/A","#N/A","#N/A","#N/A","#N/A","#N/A","#N/A","#N/A","#N/A","#N/A","#N/A","#N/A","#N/A","#N/A","#N/A","#N/A","#N/A","#N/A","#N/A","#N/A","#N/A","#N/A","#N/A","#N/A","#N/A","#N/A","#N/A","#N/A","#N/A","#N/A","#N/A","#N/A","#N/A","#N/A","#N/A","#N/A","#N/A","#N/A","#N/A","#N/A","#N/A","#N/A","#N/A","#N/A","#N/A","#N/A","#N/A","#N/A","#N/A","#N/A","#N/A","#N/A","#N/A","#N/A","#N/A","#N/A","#N/A","#N/A","#N/A","#N/A","#N/A","#N/A","#N/A","#N/A","#N/A","#N/A","#N/A","#N/A","#N/A","#N/A","#N/A","#N/A","#N/A","#N/A","#N/A","#N/A","#N/A","#N/A","#N/A","#N/A","#N/A","#N/A","#N/A","#N/A","#N/A","#N/A","#N/A","#N/A","#N/A","#N/A","#N/A","#N/A","#N/A","#N/A","#N/A","#N/A","#N/A","#N/A","#N/A","#N/A","#N/A","#N/A","#N/A","#N/A","#N/A","#N/A","#N/A","#N/A","#N/A","#N/A","#N/A","#N/A","#N/A","#N/A","#N/A","#N/A","#N/A","#N/A","#N/A","#N/A","#N/A","#N/A","#N/A","#N/A","#N/A","#N/A","#N/A","#N/A","#N/A","#N/A","1451.2","1450.4","1450.4","1475.9","1475.9","1475.9","1475.9","1746.9","1746.9","1746.9","1746.9","1756.8","1756.8","1756.8","1756.8"
"2011:Q4","#N/A","#N/A","#N/A","#N/A","#N/A","#N/A","#N/A","#N/A","#N/A","#N/A","#N/A","#N/A","#N/A","#N/A","#N/A","#N/A","#N/A","#N/A","#N/A","#N/A","#N/A","#N/A","#N/A","#N/A","#N/A","#N/A","#N/A","#N/A","#N/A","#N/A","#N/A","#N/A","#N/A","#N/A","#N/A","#N/A","#N/A","#N/A","#N/A","#N/A","#N/A","#N/A","#N/A","#N/A","#N/A","#N/A","#N/A","#N/A","#N/A","#N/A","#N/A","#N/A","#N/A","#N/A","#N/A","#N/A","#N/A","#N/A","#N/A","#N/A","#N/A","#N/A","#N/A","#N/A","#N/A","#N/A","#N/A","#N/A","#N/A","#N/A","#N/A","#N/A","#N/A","#N/A","#N/A","#N/A","#N/A","#N/A","#N/A","#N/A","#N/A","#N/A","#N/A","#N/A","#N/A","#N/A","#N/A","#N/A","#N/A","#N/A","#N/A","#N/A","#N/A","#N/A","#N/A","#N/A","#N/A","#N/A","#N/A","#N/A","#N/A","#N/A","#N/A","#N/A","#N/A","#N/A","#N/A","#N/A","#N/A","#N/A","#N/A","#N/A","#N/A","#N/A","#N/A","#N/A","#N/A","#N/A","#N/A","#N/A","#N/A","#N/A","#N/A","#N/A","#N/A","#N/A","#N/A","#N/A","#N/A","#N/A","#N/A","#N/A","#N/A","#N/A","#N/A","#N/A","#N/A","#N/A","#N/A","#N/A","#N/A","#N/A","#N/A","#N/A","#N/A","#N/A","#N/A","#N/A","#N/A","#N/A","#N/A","#N/A","#N/A","#N/A","#N/A","#N/A","#N/A","#N/A","#N/A","#N/A","#N/A","#N/A","#N/A","#N/A","#N/A","#N/A","#N/A","#N/A","#N/A","#N/A","#N/A","#N/A","#N/A","#N/A","#N/A","#N/A","#N/A","#N/A","#N/A","#N/A","#N/A","#N/A","#N/A","#N/A","#N/A","1440.7","1442.4","1473.3","1473.3","1473.3","1473.3","1745.0","1745.0","1745.0","1745.0","1753.1","1753.1","1753.1","1753.1"
"2012:Q1","#N/A","#N/A","#N/A","#N/A","#N/A","#N/A","#N/A","#N/A","#N/A","#N/A","#N/A","#N/A","#N/A","#N/A","#N/A","#N/A","#N/A","#N/A","#N/A","#N/A","#N/A","#N/A","#N/A","#N/A","#N/A","#N/A","#N/A","#N/A","#N/A","#N/A","#N/A","#N/A","#N/A","#N/A","#N/A","#N/A","#N/A","#N/A","#N/A","#N/A","#N/A","#N/A","#N/A","#N/A","#N/A","#N/A","#N/A","#N/A","#N/A","#N/A","#N/A","#N/A","#N/A","#N/A","#N/A","#N/A","#N/A","#N/A","#N/A","#N/A","#N/A","#N/A","#N/A","#N/A","#N/A","#N/A","#N/A","#N/A","#N/A","#N/A","#N/A","#N/A","#N/A","#N/A","#N/A","#N/A","#N/A","#N/A","#N/A","#N/A","#N/A","#N/A","#N/A","#N/A","#N/A","#N/A","#N/A","#N/A","#N/A","#N/A","#N/A","#N/A","#N/A","#N/A","#N/A","#N/A","#N/A","#N/A","#N/A","#N/A","#N/A","#N/A","#N/A","#N/A","#N/A","#N/A","#N/A","#N/A","#N/A","#N/A","#N/A","#N/A","#N/A","#N/A","#N/A","#N/A","#N/A","#N/A","#N/A","#N/A","#N/A","#N/A","#N/A","#N/A","#N/A","#N/A","#N/A","#N/A","#N/A","#N/A","#N/A","#N/A","#N/A","#N/A","#N/A","#N/A","#N/A","#N/A","#N/A","#N/A","#N/A","#N/A","#N/A","#N/A","#N/A","#N/A","#N/A","#N/A","#N/A","#N/A","#N/A","#N/A","#N/A","#N/A","#N/A","#N/A","#N/A","#N/A","#N/A","#N/A","#N/A","#N/A","#N/A","#N/A","#N/A","#N/A","#N/A","#N/A","#N/A","#N/A","#N/A","#N/A","#N/A","#N/A","#N/A","#N/A","#N/A","#N/A","#N/A","#N/A","#N/A","#N/A","#N/A","#N/A","#N/A","#N/A","1438.0","1465.3","1465.3","1465.3","1465.3","1742.2","1742.2","1742.2","1742.2","1741.7","1741.7","1741.7","1741.7"
"2012:Q2","#N/A","#N/A","#N/A","#N/A","#N/A","#N/A","#N/A","#N/A","#N/A","#N/A","#N/A","#N/A","#N/A","#N/A","#N/A","#N/A","#N/A","#N/A","#N/A","#N/A","#N/A","#N/A","#N/A","#N/A","#N/A","#N/A","#N/A","#N/A","#N/A","#N/A","#N/A","#N/A","#N/A","#N/A","#N/A","#N/A","#N/A","#N/A","#N/A","#N/A","#N/A","#N/A","#N/A","#N/A","#N/A","#N/A","#N/A","#N/A","#N/A","#N/A","#N/A","#N/A","#N/A","#N/A","#N/A","#N/A","#N/A","#N/A","#N/A","#N/A","#N/A","#N/A","#N/A","#N/A","#N/A","#N/A","#N/A","#N/A","#N/A","#N/A","#N/A","#N/A","#N/A","#N/A","#N/A","#N/A","#N/A","#N/A","#N/A","#N/A","#N/A","#N/A","#N/A","#N/A","#N/A","#N/A","#N/A","#N/A","#N/A","#N/A","#N/A","#N/A","#N/A","#N/A","#N/A","#N/A","#N/A","#N/A","#N/A","#N/A","#N/A","#N/A","#N/A","#N/A","#N/A","#N/A","#N/A","#N/A","#N/A","#N/A","#N/A","#N/A","#N/A","#N/A","#N/A","#N/A","#N/A","#N/A","#N/A","#N/A","#N/A","#N/A","#N/A","#N/A","#N/A","#N/A","#N/A","#N/A","#N/A","#N/A","#N/A","#N/A","#N/A","#N/A","#N/A","#N/A","#N/A","#N/A","#N/A","#N/A","#N/A","#N/A","#N/A","#N/A","#N/A","#N/A","#N/A","#N/A","#N/A","#N/A","#N/A","#N/A","#N/A","#N/A","#N/A","#N/A","#N/A","#N/A","#N/A","#N/A","#N/A","#N/A","#N/A","#N/A","#N/A","#N/A","#N/A","#N/A","#N/A","#N/A","#N/A","#N/A","#N/A","#N/A","#N/A","#N/A","#N/A","#N/A","#N/A","#N/A","#N/A","#N/A","#N/A","#N/A","#N/A","#N/A","#N/A","1457.4","1461.6","1461.6","1461.6","1745.0","1745.0","1745.0","1745.0","1741.7","1741.7","1741.7","1741.7"
"2012:Q3","#N/A","#N/A","#N/A","#N/A","#N/A","#N/A","#N/A","#N/A","#N/A","#N/A","#N/A","#N/A","#N/A","#N/A","#N/A","#N/A","#N/A","#N/A","#N/A","#N/A","#N/A","#N/A","#N/A","#N/A","#N/A","#N/A","#N/A","#N/A","#N/A","#N/A","#N/A","#N/A","#N/A","#N/A","#N/A","#N/A","#N/A","#N/A","#N/A","#N/A","#N/A","#N/A","#N/A","#N/A","#N/A","#N/A","#N/A","#N/A","#N/A","#N/A","#N/A","#N/A","#N/A","#N/A","#N/A","#N/A","#N/A","#N/A","#N/A","#N/A","#N/A","#N/A","#N/A","#N/A","#N/A","#N/A","#N/A","#N/A","#N/A","#N/A","#N/A","#N/A","#N/A","#N/A","#N/A","#N/A","#N/A","#N/A","#N/A","#N/A","#N/A","#N/A","#N/A","#N/A","#N/A","#N/A","#N/A","#N/A","#N/A","#N/A","#N/A","#N/A","#N/A","#N/A","#N/A","#N/A","#N/A","#N/A","#N/A","#N/A","#N/A","#N/A","#N/A","#N/A","#N/A","#N/A","#N/A","#N/A","#N/A","#N/A","#N/A","#N/A","#N/A","#N/A","#N/A","#N/A","#N/A","#N/A","#N/A","#N/A","#N/A","#N/A","#N/A","#N/A","#N/A","#N/A","#N/A","#N/A","#N/A","#N/A","#N/A","#N/A","#N/A","#N/A","#N/A","#N/A","#N/A","#N/A","#N/A","#N/A","#N/A","#N/A","#N/A","#N/A","#N/A","#N/A","#N/A","#N/A","#N/A","#N/A","#N/A","#N/A","#N/A","#N/A","#N/A","#N/A","#N/A","#N/A","#N/A","#N/A","#N/A","#N/A","#N/A","#N/A","#N/A","#N/A","#N/A","#N/A","#N/A","#N/A","#N/A","#N/A","#N/A","#N/A","#N/A","#N/A","#N/A","#N/A","#N/A","#N/A","#N/A","#N/A","#N/A","#N/A","#N/A","#N/A","#N/A","#N/A","1461.2","1462.7","1462.7","1744.3","1744.3","1744.3","1744.3","1739.2","1739.2","1739.2","1739.2"
"2012:Q4","#N/A","#N/A","#N/A","#N/A","#N/A","#N/A","#N/A","#N/A","#N/A","#N/A","#N/A","#N/A","#N/A","#N/A","#N/A","#N/A","#N/A","#N/A","#N/A","#N/A","#N/A","#N/A","#N/A","#N/A","#N/A","#N/A","#N/A","#N/A","#N/A","#N/A","#N/A","#N/A","#N/A","#N/A","#N/A","#N/A","#N/A","#N/A","#N/A","#N/A","#N/A","#N/A","#N/A","#N/A","#N/A","#N/A","#N/A","#N/A","#N/A","#N/A","#N/A","#N/A","#N/A","#N/A","#N/A","#N/A","#N/A","#N/A","#N/A","#N/A","#N/A","#N/A","#N/A","#N/A","#N/A","#N/A","#N/A","#N/A","#N/A","#N/A","#N/A","#N/A","#N/A","#N/A","#N/A","#N/A","#N/A","#N/A","#N/A","#N/A","#N/A","#N/A","#N/A","#N/A","#N/A","#N/A","#N/A","#N/A","#N/A","#N/A","#N/A","#N/A","#N/A","#N/A","#N/A","#N/A","#N/A","#N/A","#N/A","#N/A","#N/A","#N/A","#N/A","#N/A","#N/A","#N/A","#N/A","#N/A","#N/A","#N/A","#N/A","#N/A","#N/A","#N/A","#N/A","#N/A","#N/A","#N/A","#N/A","#N/A","#N/A","#N/A","#N/A","#N/A","#N/A","#N/A","#N/A","#N/A","#N/A","#N/A","#N/A","#N/A","#N/A","#N/A","#N/A","#N/A","#N/A","#N/A","#N/A","#N/A","#N/A","#N/A","#N/A","#N/A","#N/A","#N/A","#N/A","#N/A","#N/A","#N/A","#N/A","#N/A","#N/A","#N/A","#N/A","#N/A","#N/A","#N/A","#N/A","#N/A","#N/A","#N/A","#N/A","#N/A","#N/A","#N/A","#N/A","#N/A","#N/A","#N/A","#N/A","#N/A","#N/A","#N/A","#N/A","#N/A","#N/A","#N/A","#N/A","#N/A","#N/A","#N/A","#N/A","#N/A","#N/A","#N/A","#N/A","#N/A","#N/A","1460.2","1457.2","1739.8","1739.8","1739.8","1739.8","1735.5","1735.5","1735.5","1735.5"
"2013:Q1","#N/A","#N/A","#N/A","#N/A","#N/A","#N/A","#N/A","#N/A","#N/A","#N/A","#N/A","#N/A","#N/A","#N/A","#N/A","#N/A","#N/A","#N/A","#N/A","#N/A","#N/A","#N/A","#N/A","#N/A","#N/A","#N/A","#N/A","#N/A","#N/A","#N/A","#N/A","#N/A","#N/A","#N/A","#N/A","#N/A","#N/A","#N/A","#N/A","#N/A","#N/A","#N/A","#N/A","#N/A","#N/A","#N/A","#N/A","#N/A","#N/A","#N/A","#N/A","#N/A","#N/A","#N/A","#N/A","#N/A","#N/A","#N/A","#N/A","#N/A","#N/A","#N/A","#N/A","#N/A","#N/A","#N/A","#N/A","#N/A","#N/A","#N/A","#N/A","#N/A","#N/A","#N/A","#N/A","#N/A","#N/A","#N/A","#N/A","#N/A","#N/A","#N/A","#N/A","#N/A","#N/A","#N/A","#N/A","#N/A","#N/A","#N/A","#N/A","#N/A","#N/A","#N/A","#N/A","#N/A","#N/A","#N/A","#N/A","#N/A","#N/A","#N/A","#N/A","#N/A","#N/A","#N/A","#N/A","#N/A","#N/A","#N/A","#N/A","#N/A","#N/A","#N/A","#N/A","#N/A","#N/A","#N/A","#N/A","#N/A","#N/A","#N/A","#N/A","#N/A","#N/A","#N/A","#N/A","#N/A","#N/A","#N/A","#N/A","#N/A","#N/A","#N/A","#N/A","#N/A","#N/A","#N/A","#N/A","#N/A","#N/A","#N/A","#N/A","#N/A","#N/A","#N/A","#N/A","#N/A","#N/A","#N/A","#N/A","#N/A","#N/A","#N/A","#N/A","#N/A","#N/A","#N/A","#N/A","#N/A","#N/A","#N/A","#N/A","#N/A","#N/A","#N/A","#N/A","#N/A","#N/A","#N/A","#N/A","#N/A","#N/A","#N/A","#N/A","#N/A","#N/A","#N/A","#N/A","#N/A","#N/A","#N/A","#N/A","#N/A","#N/A","#N/A","#N/A","#N/A","#N/A","#N/A","1452.7","1734.3","1734.3","1734.3","1734.3","1736.8","1736.8","1736.8","1736.8"
"2013:Q2","#N/A","#N/A","#N/A","#N/A","#N/A","#N/A","#N/A","#N/A","#N/A","#N/A","#N/A","#N/A","#N/A","#N/A","#N/A","#N/A","#N/A","#N/A","#N/A","#N/A","#N/A","#N/A","#N/A","#N/A","#N/A","#N/A","#N/A","#N/A","#N/A","#N/A","#N/A","#N/A","#N/A","#N/A","#N/A","#N/A","#N/A","#N/A","#N/A","#N/A","#N/A","#N/A","#N/A","#N/A","#N/A","#N/A","#N/A","#N/A","#N/A","#N/A","#N/A","#N/A","#N/A","#N/A","#N/A","#N/A","#N/A","#N/A","#N/A","#N/A","#N/A","#N/A","#N/A","#N/A","#N/A","#N/A","#N/A","#N/A","#N/A","#N/A","#N/A","#N/A","#N/A","#N/A","#N/A","#N/A","#N/A","#N/A","#N/A","#N/A","#N/A","#N/A","#N/A","#N/A","#N/A","#N/A","#N/A","#N/A","#N/A","#N/A","#N/A","#N/A","#N/A","#N/A","#N/A","#N/A","#N/A","#N/A","#N/A","#N/A","#N/A","#N/A","#N/A","#N/A","#N/A","#N/A","#N/A","#N/A","#N/A","#N/A","#N/A","#N/A","#N/A","#N/A","#N/A","#N/A","#N/A","#N/A","#N/A","#N/A","#N/A","#N/A","#N/A","#N/A","#N/A","#N/A","#N/A","#N/A","#N/A","#N/A","#N/A","#N/A","#N/A","#N/A","#N/A","#N/A","#N/A","#N/A","#N/A","#N/A","#N/A","#N/A","#N/A","#N/A","#N/A","#N/A","#N/A","#N/A","#N/A","#N/A","#N/A","#N/A","#N/A","#N/A","#N/A","#N/A","#N/A","#N/A","#N/A","#N/A","#N/A","#N/A","#N/A","#N/A","#N/A","#N/A","#N/A","#N/A","#N/A","#N/A","#N/A","#N/A","#N/A","#N/A","#N/A","#N/A","#N/A","#N/A","#N/A","#N/A","#N/A","#N/A","#N/A","#N/A","#N/A","#N/A","#N/A","#N/A","#N/A","#N/A","#N/A","1735.7","1736.0","1736.0","1736.0","1748.3","1748.3","1748.3","1748.3"
"2013:Q3","#N/A","#N/A","#N/A","#N/A","#N/A","#N/A","#N/A","#N/A","#N/A","#N/A","#N/A","#N/A","#N/A","#N/A","#N/A","#N/A","#N/A","#N/A","#N/A","#N/A","#N/A","#N/A","#N/A","#N/A","#N/A","#N/A","#N/A","#N/A","#N/A","#N/A","#N/A","#N/A","#N/A","#N/A","#N/A","#N/A","#N/A","#N/A","#N/A","#N/A","#N/A","#N/A","#N/A","#N/A","#N/A","#N/A","#N/A","#N/A","#N/A","#N/A","#N/A","#N/A","#N/A","#N/A","#N/A","#N/A","#N/A","#N/A","#N/A","#N/A","#N/A","#N/A","#N/A","#N/A","#N/A","#N/A","#N/A","#N/A","#N/A","#N/A","#N/A","#N/A","#N/A","#N/A","#N/A","#N/A","#N/A","#N/A","#N/A","#N/A","#N/A","#N/A","#N/A","#N/A","#N/A","#N/A","#N/A","#N/A","#N/A","#N/A","#N/A","#N/A","#N/A","#N/A","#N/A","#N/A","#N/A","#N/A","#N/A","#N/A","#N/A","#N/A","#N/A","#N/A","#N/A","#N/A","#N/A","#N/A","#N/A","#N/A","#N/A","#N/A","#N/A","#N/A","#N/A","#N/A","#N/A","#N/A","#N/A","#N/A","#N/A","#N/A","#N/A","#N/A","#N/A","#N/A","#N/A","#N/A","#N/A","#N/A","#N/A","#N/A","#N/A","#N/A","#N/A","#N/A","#N/A","#N/A","#N/A","#N/A","#N/A","#N/A","#N/A","#N/A","#N/A","#N/A","#N/A","#N/A","#N/A","#N/A","#N/A","#N/A","#N/A","#N/A","#N/A","#N/A","#N/A","#N/A","#N/A","#N/A","#N/A","#N/A","#N/A","#N/A","#N/A","#N/A","#N/A","#N/A","#N/A","#N/A","#N/A","#N/A","#N/A","#N/A","#N/A","#N/A","#N/A","#N/A","#N/A","#N/A","#N/A","#N/A","#N/A","#N/A","#N/A","#N/A","#N/A","#N/A","#N/A","#N/A","#N/A","#N/A","1742.5","1743.2","1743.2","1753.0","1753.0","1753.0","1753.0"
"2013:Q4","#N/A","#N/A","#N/A","#N/A","#N/A","#N/A","#N/A","#N/A","#N/A","#N/A","#N/A","#N/A","#N/A","#N/A","#N/A","#N/A","#N/A","#N/A","#N/A","#N/A","#N/A","#N/A","#N/A","#N/A","#N/A","#N/A","#N/A","#N/A","#N/A","#N/A","#N/A","#N/A","#N/A","#N/A","#N/A","#N/A","#N/A","#N/A","#N/A","#N/A","#N/A","#N/A","#N/A","#N/A","#N/A","#N/A","#N/A","#N/A","#N/A","#N/A","#N/A","#N/A","#N/A","#N/A","#N/A","#N/A","#N/A","#N/A","#N/A","#N/A","#N/A","#N/A","#N/A","#N/A","#N/A","#N/A","#N/A","#N/A","#N/A","#N/A","#N/A","#N/A","#N/A","#N/A","#N/A","#N/A","#N/A","#N/A","#N/A","#N/A","#N/A","#N/A","#N/A","#N/A","#N/A","#N/A","#N/A","#N/A","#N/A","#N/A","#N/A","#N/A","#N/A","#N/A","#N/A","#N/A","#N/A","#N/A","#N/A","#N/A","#N/A","#N/A","#N/A","#N/A","#N/A","#N/A","#N/A","#N/A","#N/A","#N/A","#N/A","#N/A","#N/A","#N/A","#N/A","#N/A","#N/A","#N/A","#N/A","#N/A","#N/A","#N/A","#N/A","#N/A","#N/A","#N/A","#N/A","#N/A","#N/A","#N/A","#N/A","#N/A","#N/A","#N/A","#N/A","#N/A","#N/A","#N/A","#N/A","#N/A","#N/A","#N/A","#N/A","#N/A","#N/A","#N/A","#N/A","#N/A","#N/A","#N/A","#N/A","#N/A","#N/A","#N/A","#N/A","#N/A","#N/A","#N/A","#N/A","#N/A","#N/A","#N/A","#N/A","#N/A","#N/A","#N/A","#N/A","#N/A","#N/A","#N/A","#N/A","#N/A","#N/A","#N/A","#N/A","#N/A","#N/A","#N/A","#N/A","#N/A","#N/A","#N/A","#N/A","#N/A","#N/A","#N/A","#N/A","#N/A","#N/A","#N/A","#N/A","#N/A","#N/A","1745.4","1743.3","1755.7","1755.7","1755.7","1755.7"
"2014:Q1","#N/A","#N/A","#N/A","#N/A","#N/A","#N/A","#N/A","#N/A","#N/A","#N/A","#N/A","#N/A","#N/A","#N/A","#N/A","#N/A","#N/A","#N/A","#N/A","#N/A","#N/A","#N/A","#N/A","#N/A","#N/A","#N/A","#N/A","#N/A","#N/A","#N/A","#N/A","#N/A","#N/A","#N/A","#N/A","#N/A","#N/A","#N/A","#N/A","#N/A","#N/A","#N/A","#N/A","#N/A","#N/A","#N/A","#N/A","#N/A","#N/A","#N/A","#N/A","#N/A","#N/A","#N/A","#N/A","#N/A","#N/A","#N/A","#N/A","#N/A","#N/A","#N/A","#N/A","#N/A","#N/A","#N/A","#N/A","#N/A","#N/A","#N/A","#N/A","#N/A","#N/A","#N/A","#N/A","#N/A","#N/A","#N/A","#N/A","#N/A","#N/A","#N/A","#N/A","#N/A","#N/A","#N/A","#N/A","#N/A","#N/A","#N/A","#N/A","#N/A","#N/A","#N/A","#N/A","#N/A","#N/A","#N/A","#N/A","#N/A","#N/A","#N/A","#N/A","#N/A","#N/A","#N/A","#N/A","#N/A","#N/A","#N/A","#N/A","#N/A","#N/A","#N/A","#N/A","#N/A","#N/A","#N/A","#N/A","#N/A","#N/A","#N/A","#N/A","#N/A","#N/A","#N/A","#N/A","#N/A","#N/A","#N/A","#N/A","#N/A","#N/A","#N/A","#N/A","#N/A","#N/A","#N/A","#N/A","#N/A","#N/A","#N/A","#N/A","#N/A","#N/A","#N/A","#N/A","#N/A","#N/A","#N/A","#N/A","#N/A","#N/A","#N/A","#N/A","#N/A","#N/A","#N/A","#N/A","#N/A","#N/A","#N/A","#N/A","#N/A","#N/A","#N/A","#N/A","#N/A","#N/A","#N/A","#N/A","#N/A","#N/A","#N/A","#N/A","#N/A","#N/A","#N/A","#N/A","#N/A","#N/A","#N/A","#N/A","#N/A","#N/A","#N/A","#N/A","#N/A","#N/A","#N/A","#N/A","#N/A","#N/A","#N/A","1737.7","1750.2","1750.2","1750.2","1750.2"
"2014:Q2","#N/A","#N/A","#N/A","#N/A","#N/A","#N/A","#N/A","#N/A","#N/A","#N/A","#N/A","#N/A","#N/A","#N/A","#N/A","#N/A","#N/A","#N/A","#N/A","#N/A","#N/A","#N/A","#N/A","#N/A","#N/A","#N/A","#N/A","#N/A","#N/A","#N/A","#N/A","#N/A","#N/A","#N/A","#N/A","#N/A","#N/A","#N/A","#N/A","#N/A","#N/A","#N/A","#N/A","#N/A","#N/A","#N/A","#N/A","#N/A","#N/A","#N/A","#N/A","#N/A","#N/A","#N/A","#N/A","#N/A","#N/A","#N/A","#N/A","#N/A","#N/A","#N/A","#N/A","#N/A","#N/A","#N/A","#N/A","#N/A","#N/A","#N/A","#N/A","#N/A","#N/A","#N/A","#N/A","#N/A","#N/A","#N/A","#N/A","#N/A","#N/A","#N/A","#N/A","#N/A","#N/A","#N/A","#N/A","#N/A","#N/A","#N/A","#N/A","#N/A","#N/A","#N/A","#N/A","#N/A","#N/A","#N/A","#N/A","#N/A","#N/A","#N/A","#N/A","#N/A","#N/A","#N/A","#N/A","#N/A","#N/A","#N/A","#N/A","#N/A","#N/A","#N/A","#N/A","#N/A","#N/A","#N/A","#N/A","#N/A","#N/A","#N/A","#N/A","#N/A","#N/A","#N/A","#N/A","#N/A","#N/A","#N/A","#N/A","#N/A","#N/A","#N/A","#N/A","#N/A","#N/A","#N/A","#N/A","#N/A","#N/A","#N/A","#N/A","#N/A","#N/A","#N/A","#N/A","#N/A","#N/A","#N/A","#N/A","#N/A","#N/A","#N/A","#N/A","#N/A","#N/A","#N/A","#N/A","#N/A","#N/A","#N/A","#N/A","#N/A","#N/A","#N/A","#N/A","#N/A","#N/A","#N/A","#N/A","#N/A","#N/A","#N/A","#N/A","#N/A","#N/A","#N/A","#N/A","#N/A","#N/A","#N/A","#N/A","#N/A","#N/A","#N/A","#N/A","#N/A","#N/A","#N/A","#N/A","#N/A","#N/A","#N/A","#N/A","1763.7","1764.7","1764.7","1764.7"
"2014:Q3","#N/A","#N/A","#N/A","#N/A","#N/A","#N/A","#N/A","#N/A","#N/A","#N/A","#N/A","#N/A","#N/A","#N/A","#N/A","#N/A","#N/A","#N/A","#N/A","#N/A","#N/A","#N/A","#N/A","#N/A","#N/A","#N/A","#N/A","#N/A","#N/A","#N/A","#N/A","#N/A","#N/A","#N/A","#N/A","#N/A","#N/A","#N/A","#N/A","#N/A","#N/A","#N/A","#N/A","#N/A","#N/A","#N/A","#N/A","#N/A","#N/A","#N/A","#N/A","#N/A","#N/A","#N/A","#N/A","#N/A","#N/A","#N/A","#N/A","#N/A","#N/A","#N/A","#N/A","#N/A","#N/A","#N/A","#N/A","#N/A","#N/A","#N/A","#N/A","#N/A","#N/A","#N/A","#N/A","#N/A","#N/A","#N/A","#N/A","#N/A","#N/A","#N/A","#N/A","#N/A","#N/A","#N/A","#N/A","#N/A","#N/A","#N/A","#N/A","#N/A","#N/A","#N/A","#N/A","#N/A","#N/A","#N/A","#N/A","#N/A","#N/A","#N/A","#N/A","#N/A","#N/A","#N/A","#N/A","#N/A","#N/A","#N/A","#N/A","#N/A","#N/A","#N/A","#N/A","#N/A","#N/A","#N/A","#N/A","#N/A","#N/A","#N/A","#N/A","#N/A","#N/A","#N/A","#N/A","#N/A","#N/A","#N/A","#N/A","#N/A","#N/A","#N/A","#N/A","#N/A","#N/A","#N/A","#N/A","#N/A","#N/A","#N/A","#N/A","#N/A","#N/A","#N/A","#N/A","#N/A","#N/A","#N/A","#N/A","#N/A","#N/A","#N/A","#N/A","#N/A","#N/A","#N/A","#N/A","#N/A","#N/A","#N/A","#N/A","#N/A","#N/A","#N/A","#N/A","#N/A","#N/A","#N/A","#N/A","#N/A","#N/A","#N/A","#N/A","#N/A","#N/A","#N/A","#N/A","#N/A","#N/A","#N/A","#N/A","#N/A","#N/A","#N/A","#N/A","#N/A","#N/A","#N/A","#N/A","#N/A","#N/A","#N/A","#N/A","#N/A","1770.6","1769.5","1769.5"
"2014:Q4","#N/A","#N/A","#N/A","#N/A","#N/A","#N/A","#N/A","#N/A","#N/A","#N/A","#N/A","#N/A","#N/A","#N/A","#N/A","#N/A","#N/A","#N/A","#N/A","#N/A","#N/A","#N/A","#N/A","#N/A","#N/A","#N/A","#N/A","#N/A","#N/A","#N/A","#N/A","#N/A","#N/A","#N/A","#N/A","#N/A","#N/A","#N/A","#N/A","#N/A","#N/A","#N/A","#N/A","#N/A","#N/A","#N/A","#N/A","#N/A","#N/A","#N/A","#N/A","#N/A","#N/A","#N/A","#N/A","#N/A","#N/A","#N/A","#N/A","#N/A","#N/A","#N/A","#N/A","#N/A","#N/A","#N/A","#N/A","#N/A","#N/A","#N/A","#N/A","#N/A","#N/A","#N/A","#N/A","#N/A","#N/A","#N/A","#N/A","#N/A","#N/A","#N/A","#N/A","#N/A","#N/A","#N/A","#N/A","#N/A","#N/A","#N/A","#N/A","#N/A","#N/A","#N/A","#N/A","#N/A","#N/A","#N/A","#N/A","#N/A","#N/A","#N/A","#N/A","#N/A","#N/A","#N/A","#N/A","#N/A","#N/A","#N/A","#N/A","#N/A","#N/A","#N/A","#N/A","#N/A","#N/A","#N/A","#N/A","#N/A","#N/A","#N/A","#N/A","#N/A","#N/A","#N/A","#N/A","#N/A","#N/A","#N/A","#N/A","#N/A","#N/A","#N/A","#N/A","#N/A","#N/A","#N/A","#N/A","#N/A","#N/A","#N/A","#N/A","#N/A","#N/A","#N/A","#N/A","#N/A","#N/A","#N/A","#N/A","#N/A","#N/A","#N/A","#N/A","#N/A","#N/A","#N/A","#N/A","#N/A","#N/A","#N/A","#N/A","#N/A","#N/A","#N/A","#N/A","#N/A","#N/A","#N/A","#N/A","#N/A","#N/A","#N/A","#N/A","#N/A","#N/A","#N/A","#N/A","#N/A","#N/A","#N/A","#N/A","#N/A","#N/A","#N/A","#N/A","#N/A","#N/A","#N/A","#N/A","#N/A","#N/A","#N/A","#N/A","#N/A","#N/A","1775.2","1776.6"
"2015:Q1","#N/A","#N/A","#N/A","#N/A","#N/A","#N/A","#N/A","#N/A","#N/A","#N/A","#N/A","#N/A","#N/A","#N/A","#N/A","#N/A","#N/A","#N/A","#N/A","#N/A","#N/A","#N/A","#N/A","#N/A","#N/A","#N/A","#N/A","#N/A","#N/A","#N/A","#N/A","#N/A","#N/A","#N/A","#N/A","#N/A","#N/A","#N/A","#N/A","#N/A","#N/A","#N/A","#N/A","#N/A","#N/A","#N/A","#N/A","#N/A","#N/A","#N/A","#N/A","#N/A","#N/A","#N/A","#N/A","#N/A","#N/A","#N/A","#N/A","#N/A","#N/A","#N/A","#N/A","#N/A","#N/A","#N/A","#N/A","#N/A","#N/A","#N/A","#N/A","#N/A","#N/A","#N/A","#N/A","#N/A","#N/A","#N/A","#N/A","#N/A","#N/A","#N/A","#N/A","#N/A","#N/A","#N/A","#N/A","#N/A","#N/A","#N/A","#N/A","#N/A","#N/A","#N/A","#N/A","#N/A","#N/A","#N/A","#N/A","#N/A","#N/A","#N/A","#N/A","#N/A","#N/A","#N/A","#N/A","#N/A","#N/A","#N/A","#N/A","#N/A","#N/A","#N/A","#N/A","#N/A","#N/A","#N/A","#N/A","#N/A","#N/A","#N/A","#N/A","#N/A","#N/A","#N/A","#N/A","#N/A","#N/A","#N/A","#N/A","#N/A","#N/A","#N/A","#N/A","#N/A","#N/A","#N/A","#N/A","#N/A","#N/A","#N/A","#N/A","#N/A","#N/A","#N/A","#N/A","#N/A","#N/A","#N/A","#N/A","#N/A","#N/A","#N/A","#N/A","#N/A","#N/A","#N/A","#N/A","#N/A","#N/A","#N/A","#N/A","#N/A","#N/A","#N/A","#N/A","#N/A","#N/A","#N/A","#N/A","#N/A","#N/A","#N/A","#N/A","#N/A","#N/A","#N/A","#N/A","#N/A","#N/A","#N/A","#N/A","#N/A","#N/A","#N/A","#N/A","#N/A","#N/A","#N/A","#N/A","#N/A","#N/A","#N/A","#N/A","#N/A","#N/A","#N/A","1769.8"
